01/26/2022 14:09:38
LT: 115.35

0.0300	   107	0.3000	     0
0.0301	   205	0.3008	     0
0.0302	   192	0.3017	     0
0.0302	   199	0.3025	     0
0.0303	   186	0.3033	     0
0.0304	   194	0.3042	     0
0.0305	   174	0.3050	     0
0.0306	   185	0.3058	     0
0.0307	   195	0.3066	     0
0.0307	   174	0.3075	     0
0.0308	   182	0.3083	     0
0.0309	   192	0.3091	     0
0.0310	   182	0.3100	     0
0.0311	   200	0.3108	     0
0.0312	   184	0.3116	     0
0.0312	   202	0.3125	     0
0.0313	   193	0.3133	     0
0.0314	   198	0.3141	     0
0.0315	   162	0.3149	     0
0.0316	   196	0.3158	     0
0.0317	   164	0.3166	     0
0.0317	   204	0.3174	     0
0.0318	   183	0.3183	     0
0.0319	   179	0.3191	     0
0.0320	   164	0.3199	     0
0.0321	   205	0.3208	     0
0.0322	   189	0.3216	     0
0.0322	   168	0.3224	     0
0.0323	   210	0.3232	     0
0.0324	   196	0.3241	     0
0.0325	   182	0.3249	     0
0.0326	   191	0.3257	     0
0.0327	   197	0.3266	     0
0.0327	   198	0.3274	     0
0.0328	   199	0.3282	     0
0.0329	   184	0.3291	     0
0.0330	   177	0.3299	     0
0.0331	   211	0.3307	     0
0.0332	   184	0.3315	     0
0.0332	   215	0.3324	     0
0.0333	   174	0.3332	     0
0.0334	   181	0.3340	     0
0.0335	   188	0.3349	     0
0.0336	   186	0.3357	     0
0.0337	   197	0.3365	     0
0.0337	   201	0.3374	     0
0.0338	   181	0.3382	     0
0.0339	   179	0.3390	     0
0.0340	   171	0.3398	     0
0.0341	   200	0.3407	     0
0.0342	   196	0.3415	     0
0.0342	   198	0.3423	     0
0.0343	   181	0.3432	     0
0.0344	   172	0.3440	     0
0.0345	   193	0.3448	     0
0.0346	   165	0.3457	     0
0.0346	   185	0.3465	     0
0.0347	   188	0.3473	     0
0.0348	   195	0.3481	     0
0.0349	   226	0.3490	     0
0.0350	   160	0.3498	     0
0.0351	   184	0.3506	     0
0.0351	   171	0.3515	     0
0.0352	   219	0.3523	     0
0.0353	   180	0.3531	     0
0.0354	   190	0.3540	     0
0.0355	   196	0.3548	     0
0.0356	   169	0.3556	     0
0.0356	   186	0.3564	     0
0.0357	   187	0.3573	     0
0.0358	   170	0.3581	     0
0.0359	   189	0.3589	     0
0.0360	   193	0.3598	     0
0.0361	   209	0.3606	     0
0.0361	   179	0.3614	     0
0.0362	   198	0.3623	     0
0.0363	   214	0.3631	     0
0.0364	   188	0.3639	     0
0.0365	   190	0.3647	     0
0.0366	   172	0.3656	     0
0.0366	   182	0.3664	     0
0.0367	   195	0.3672	     0
0.0368	   181	0.3681	     0
0.0369	   197	0.3689	     0
0.0370	   179	0.3697	     0
0.0371	   174	0.3706	     0
0.0371	   186	0.3714	     0
0.0372	   192	0.3722	     0
0.0373	   188	0.3730	     0
0.0374	   218	0.3739	     0
0.0375	   196	0.3747	     0
0.0376	   200	0.3755	     0
0.0376	   194	0.3764	     0
0.0377	   215	0.3772	     0
0.0378	   183	0.3780	     0
0.0379	   201	0.3789	     0
0.0380	   219	0.3797	     0
0.0381	   202	0.3805	     0
0.0381	   198	0.3813	     0
0.0382	   213	0.3822	     0
0.0383	   201	0.3830	     0
0.0384	   197	0.3838	     0
0.0385	   214	0.3847	     0
0.0385	   185	0.3855	     0
0.0386	   210	0.3863	     0
0.0387	   176	0.3872	     0
0.0388	   211	0.3880	     0
0.0389	   180	0.3888	     0
0.0390	   184	0.3896	     0
0.0390	   226	0.3905	     0
0.0391	   201	0.3913	     0
0.0392	   216	0.3921	     0
0.0393	   213	0.3930	     0
0.0394	   200	0.3938	     0
0.0395	   197	0.3946	     0
0.0395	   197	0.3955	     0
0.0396	   209	0.3963	     0
0.0397	   192	0.3971	     0
0.0398	   196	0.3979	     0
0.0399	   243	0.3988	     0
0.0400	   207	0.3996	     0
0.0400	   200	0.4004	     0
0.0401	   193	0.4013	     0
0.0402	   194	0.4021	     0
0.0403	   189	0.4029	     0
0.0404	   209	0.4038	     0
0.0405	   160	0.4046	     0
0.0405	   156	0.4054	     0
0.0406	   184	0.4063	     0
0.0407	   200	0.4071	     0
0.0408	   168	0.4079	     0
0.0409	   168	0.4087	     0
0.0410	   170	0.4096	     0
0.0410	   196	0.4104	     0
0.0411	   157	0.4112	     0
0.0412	   164	0.4121	     0
0.0413	   155	0.4129	     0
0.0414	   144	0.4137	     0
0.0415	   172	0.4146	     0
0.0415	   171	0.4154	     0
0.0416	   155	0.4162	     0
0.0417	   168	0.4170	     0
0.0418	   147	0.4179	     0
0.0419	   139	0.4187	     0
0.0420	   158	0.4195	     0
0.0420	   151	0.4204	     0
0.0421	   144	0.4212	     0
0.0422	   159	0.4220	     0
0.0423	   154	0.4229	     0
0.0424	   136	0.4237	     0
0.0425	   144	0.4245	     0
0.0425	   132	0.4253	     0
0.0426	   123	0.4262	     0
0.0427	   126	0.4270	     0
0.0428	   147	0.4278	     0
0.0429	   144	0.4287	     0
0.0429	   134	0.4295	     0
0.0430	   135	0.4303	     0
0.0431	   112	0.4312	     0
0.0432	   113	0.4320	     0
0.0433	   131	0.4328	     0
0.0434	   120	0.4336	     0
0.0434	   123	0.4345	     0
0.0435	    99	0.4353	     0
0.0436	   112	0.4361	     0
0.0437	   112	0.4370	     0
0.0438	   116	0.4378	     0
0.0439	    99	0.4386	     0
0.0439	   119	0.4395	     0
0.0440	   106	0.4403	     0
0.0441	    96	0.4411	     0
0.0442	    94	0.4419	     0
0.0443	   128	0.4428	     0
0.0444	   131	0.4436	     0
0.0444	   108	0.4444	     0
0.0445	   111	0.4453	     0
0.0446	    89	0.4461	     0
0.0447	    92	0.4469	     0
0.0448	    92	0.4478	     0
0.0449	   115	0.4486	     0
0.0449	   100	0.4494	     0
0.0450	    93	0.4502	     0
0.0451	    90	0.4511	     0
0.0452	   102	0.4519	     0
0.0453	    91	0.4527	     0
0.0454	    99	0.4536	     0
0.0454	   103	0.4544	     0
0.0455	    98	0.4552	     0
0.0456	   111	0.4561	     0
0.0457	    92	0.4569	     0
0.0458	    91	0.4577	     0
0.0459	   106	0.4585	     0
0.0459	    95	0.4594	     0
0.0460	    93	0.4602	     0
0.0461	   103	0.4610	     0
0.0462	    90	0.4619	     0
0.0463	   119	0.4627	     0
0.0464	    94	0.4635	     0
0.0464	    99	0.4644	     0
0.0465	    97	0.4652	     0
0.0466	    86	0.4660	     0
0.0467	    91	0.4668	     0
0.0468	   104	0.4677	     0
0.0469	   106	0.4685	     0
0.0469	   112	0.4693	     0
0.0470	   109	0.4702	     0
0.0471	   109	0.4710	     0
0.0472	    93	0.4718	     0
0.0473	   110	0.4727	     0
0.0473	    96	0.4735	     0
0.0474	   102	0.4743	     0
0.0475	    82	0.4751	     0
0.0476	   103	0.4760	     0
0.0477	   104	0.4768	     0
0.0478	    99	0.4776	     0
0.0478	   101	0.4785	     0
0.0479	    89	0.4793	     0
0.0480	    97	0.4801	     0
0.0481	    99	0.4810	     0
0.0482	   104	0.4818	     0
0.0483	    82	0.4826	     0
0.0483	    87	0.4834	     0
0.0484	    81	0.4843	     0
0.0485	    92	0.4851	     0
0.0486	   113	0.4859	     0
0.0487	    93	0.4868	     0
0.0488	   101	0.4876	     0
0.0488	    90	0.4884	     0
0.0489	   108	0.4893	     0
0.0490	   110	0.4901	     0
0.0491	    94	0.4909	     0
0.0492	    84	0.4917	     0
0.0493	   103	0.4926	     0
0.0493	   110	0.4934	     0
0.0494	    98	0.4942	     0
0.0495	    86	0.4951	     0
0.0496	    94	0.4959	     0
0.0497	   113	0.4967	     0
0.0498	   105	0.4976	     0
0.0498	    99	0.4984	     0
0.0499	   103	0.4992	     0
0.0500	   111	0.5000	     0
0.0501	   121	0.5009	     0
0.0502	   101	0.5017	     0
0.0503	    87	0.5025	     0
0.0503	   115	0.5034	     0
0.0504	   116	0.5042	     0
0.0505	    99	0.5050	     0
0.0506	   104	0.5059	     0
0.0507	   103	0.5067	     0
0.0508	   123	0.5075	     0
0.0508	   111	0.5083	     0
0.0509	    97	0.5092	     0
0.0510	   102	0.5100	     0
0.0511	   117	0.5108	     0
0.0512	    90	0.5117	     0
0.0513	   104	0.5125	     0
0.0513	   113	0.5133	     0
0.0514	    97	0.5142	     0
0.0515	   131	0.5150	     0
0.0516	   113	0.5158	     0
0.0517	   109	0.5167	     0
0.0517	   114	0.5175	     0
0.0518	   108	0.5183	     0
0.0519	   130	0.5191	     0
0.0520	   128	0.5200	     0
0.0521	   121	0.5208	     0
0.0522	   110	0.5216	     0
0.0522	   120	0.5225	     0
0.0523	   106	0.5233	     0
0.0524	   113	0.5241	     0
0.0525	   107	0.5250	     0
0.0526	   119	0.5258	     0
0.0527	   113	0.5266	     0
0.0527	   113	0.5274	     0
0.0528	   119	0.5283	     0
0.0529	   106	0.5291	     0
0.0530	   134	0.5299	     0
0.0531	   132	0.5308	     0
0.0532	   123	0.5316	     0
0.0532	   132	0.5324	     0
0.0533	   133	0.5333	     0
0.0534	   111	0.5341	     0
0.0535	   133	0.5349	     0
0.0536	   125	0.5357	     0
0.0537	   127	0.5366	     0
0.0537	   154	0.5374	     0
0.0538	   156	0.5382	     0
0.0539	   146	0.5391	     0
0.0540	   156	0.5399	     0
0.0541	   171	0.5407	     0
0.0542	   173	0.5416	     0
0.0542	   195	0.5424	     0
0.0543	   188	0.5432	     0
0.0544	   163	0.5440	     0
0.0545	   172	0.5449	     0
0.0546	   196	0.5457	     0
0.0547	   206	0.5465	     0
0.0547	   196	0.5474	     0
0.0548	   206	0.5482	     0
0.0549	   264	0.5490	     0
0.0550	   270	0.5499	     0
0.0551	   213	0.5507	     0
0.0552	   267	0.5515	     0
0.0552	   260	0.5523	     0
0.0553	   293	0.5532	     0
0.0554	   334	0.5540	     0
0.0555	   334	0.5548	     0
0.0556	   351	0.5557	     0
0.0556	   398	0.5565	     0
0.0557	   414	0.5573	     0
0.0558	   400	0.5582	     0
0.0559	   412	0.5590	     0
0.0560	   495	0.5598	     0
0.0561	   547	0.5606	     0
0.0561	   534	0.5615	     0
0.0562	   606	0.5623	     0
0.0563	   626	0.5631	     0
0.0564	   651	0.5640	     0
0.0565	   730	0.5648	     0
0.0566	   766	0.5656	     0
0.0566	   761	0.5665	     0
0.0567	   712	0.5673	     0
0.0568	   810	0.5681	     0
0.0569	   900	0.5689	     0
0.0570	   936	0.5698	     0
0.0571	  1008	0.5706	     0
0.0571	  1080	0.5714	     0
0.0572	  1120	0.5723	     0
0.0573	  1141	0.5731	     0
0.0574	  1175	0.5739	     0
0.0575	  1287	0.5748	     0
0.0576	  1269	0.5756	     0
0.0576	  1324	0.5764	     0
0.0577	  1400	0.5772	     0
0.0578	  1413	0.5781	     0
0.0579	  1573	0.5789	     0
0.0580	  1594	0.5797	     0
0.0581	  1628	0.5806	     0
0.0581	  1625	0.5814	     0
0.0582	  1650	0.5822	     0
0.0583	  1760	0.5831	     0
0.0584	  1736	0.5839	     0
0.0585	  1873	0.5847	     0
0.0586	  1865	0.5855	     0
0.0586	  1923	0.5864	     0
0.0587	  1956	0.5872	     0
0.0588	  1935	0.5880	     0
0.0589	  1937	0.5889	     0
0.0590	  2018	0.5897	     0
0.0591	  2021	0.5905	     0
0.0591	  2095	0.5914	     0
0.0592	  2175	0.5922	     0
0.0593	  2087	0.5930	     0
0.0594	  2049	0.5938	     0
0.0595	  2141	0.5947	     0
0.0596	  2036	0.5955	     0
0.0596	  2064	0.5963	     0
0.0597	  2116	0.5972	     0
0.0598	  2087	0.5980	     0
0.0599	  2078	0.5988	     0
0.0600	  2079	0.5997	     0
0.0600	  2051	0.6005	     0
0.0601	  1948	0.6013	     0
0.0602	  1979	0.6021	     0
0.0603	  1929	0.6030	     0
0.0604	  1919	0.6038	     0
0.0605	  1803	0.6046	     0
0.0605	  1726	0.6055	     0
0.0606	  1784	0.6063	     0
0.0607	  1801	0.6071	     0
0.0608	  1628	0.6080	     0
0.0609	  1576	0.6088	     0
0.0610	  1525	0.6096	     0
0.0610	  1487	0.6104	     0
0.0611	  1367	0.6113	     0
0.0612	  1349	0.6121	     0
0.0613	  1348	0.6129	     0
0.0614	  1230	0.6138	     0
0.0615	  1176	0.6146	     0
0.0615	  1123	0.6154	     0
0.0616	  1078	0.6163	     0
0.0617	   972	0.6171	     0
0.0618	   965	0.6179	     0
0.0619	   931	0.6187	     0
0.0620	   846	0.6196	     0
0.0620	   786	0.6204	     0
0.0621	   706	0.6212	     0
0.0622	   703	0.6221	     0
0.0623	   660	0.6229	     0
0.0624	   596	0.6237	     0
0.0625	   528	0.6246	     0
0.0625	   516	0.6254	     0
0.0626	   474	0.6262	     0
0.0627	   476	0.6271	     0
0.0628	   432	0.6279	     0
0.0629	   386	0.6287	     0
0.0630	   348	0.6295	     0
0.0630	   325	0.6304	     0
0.0631	   310	0.6312	     0
0.0632	   248	0.6320	     0
0.0633	   214	0.6329	     0
0.0634	   203	0.6337	     0
0.0635	   208	0.6345	     0
0.0635	   172	0.6354	     0
0.0636	   166	0.6362	     0
0.0637	   151	0.6370	     0
0.0638	   132	0.6378	     0
0.0639	   100	0.6387	     0
0.0640	   108	0.6395	     0
0.0640	   111	0.6403	     0
0.0641	    91	0.6412	     0
0.0642	    67	0.6420	     0
0.0643	    82	0.6428	     0
0.0644	    79	0.6437	     0
0.0644	    48	0.6445	     0
0.0645	    38	0.6453	     0
0.0646	    40	0.6461	     0
0.0647	    34	0.6470	     0
0.0648	    34	0.6478	     0
0.0649	    26	0.6486	     0
0.0649	    35	0.6495	     0
0.0650	    15	0.6503	     0
0.0651	    21	0.6511	     0
0.0652	    24	0.6520	     0
0.0653	    19	0.6528	     0
0.0654	    14	0.6536	     0
0.0654	    11	0.6544	     0
0.0655	    13	0.6553	     0
0.0656	    14	0.6561	     0
0.0657	     8	0.6569	     0
0.0658	    12	0.6578	     0
0.0659	    11	0.6586	     0
0.0659	     4	0.6594	     0
0.0660	     9	0.6603	     0
0.0661	     5	0.6611	     0
0.0662	     5	0.6619	     0
0.0663	     4	0.6627	     0
0.0664	     3	0.6636	     0
0.0664	     9	0.6644	     0
0.0665	    12	0.6652	     0
0.0666	     4	0.6661	     0
0.0667	     8	0.6669	     0
0.0668	     7	0.6677	     0
0.0669	    12	0.6686	     0
0.0669	     6	0.6694	     0
0.0670	     4	0.6702	     0
0.0671	     7	0.6710	     0
0.0672	     5	0.6719	     0
0.0673	     6	0.6727	     0
0.0674	     5	0.6735	     0
0.0674	     4	0.6744	     0
0.0675	     3	0.6752	     0
0.0676	     3	0.6760	     0
0.0677	     6	0.6769	     0
0.0678	     5	0.6777	     0
0.0679	     7	0.6785	     0
0.0679	     3	0.6793	     0
0.0680	     3	0.6802	     0
0.0681	     5	0.6810	     0
0.0682	     3	0.6818	     0
0.0683	     5	0.6827	     0
0.0683	     7	0.6835	     0
0.0684	     1	0.6843	     0
0.0685	     7	0.6852	     0
0.0686	     7	0.6860	     0
0.0687	     7	0.6868	     0
0.0688	     3	0.6876	     0
0.0688	     5	0.6885	     0
0.0689	     1	0.6893	     0
0.0690	     4	0.6901	     0
0.0691	     3	0.6910	     0
0.0692	     4	0.6918	     0
0.0693	     5	0.6926	     0
0.0693	     8	0.6935	     0
0.0694	     7	0.6943	     0
0.0695	     2	0.6951	     0
0.0696	     6	0.6959	     0
0.0697	     4	0.6968	     0
0.0698	     4	0.6976	     0
0.0698	     3	0.6984	     0
0.0699	     4	0.6993	     0
0.0700	     4	0.7001	     0
0.0701	     4	0.7009	     0
0.0702	     5	0.7018	     0
0.0703	     5	0.7026	     0
0.0703	     7	0.7034	     0
0.0704	     0	0.7042	     0
0.0705	     8	0.7051	     0
0.0706	     0	0.7059	     0
0.0707	     4	0.7067	     0
0.0708	     3	0.7076	     0
0.0708	     6	0.7084	     0
0.0709	     3	0.7092	     0
0.0710	     3	0.7101	     0
0.0711	     2	0.7109	     0
0.0712	     0	0.7117	     0
0.0713	     5	0.7125	     0
0.0713	     2	0.7134	     0
0.0714	     5	0.7142	     0
0.0715	     3	0.7150	     0
0.0716	     7	0.7159	     0
0.0717	     1	0.7167	     0
0.0718	     4	0.7175	     0
0.0718	     3	0.7184	     0
0.0719	     5	0.7192	     0
0.0720	     7	0.7200	     0
0.0721	     3	0.7208	     0
0.0722	     6	0.7217	     0
0.0723	     0	0.7225	     0
0.0723	     6	0.7233	     0
0.0724	     1	0.7242	     0
0.0725	     5	0.7250	     0
0.0726	     4	0.7258	     0
0.0727	     6	0.7267	     0
0.0727	     5	0.7275	     0
0.0728	     5	0.7283	     0
0.0729	     2	0.7292	     0
0.0730	     7	0.7300	     0
0.0731	     0	0.7308	     0
0.0732	     3	0.7316	     0
0.0732	     4	0.7325	     0
0.0733	     6	0.7333	     0
0.0734	     6	0.7341	     0
0.0735	     1	0.7350	     0
0.0736	     2	0.7358	     0
0.0737	     7	0.7366	     0
0.0737	     4	0.7375	     0
0.0738	     2	0.7383	     0
0.0739	     1	0.7391	     0
0.0740	     1	0.7399	     0
0.0741	     2	0.7408	     0
0.0742	     3	0.7416	     0
0.0742	     0	0.7424	     0
0.0743	     1	0.7433	     0
0.0744	     5	0.7441	     0
0.0745	     4	0.7449	     0
0.0746	     5	0.7458	     0
0.0747	     2	0.7466	     0
0.0747	     2	0.7474	     0
0.0748	     4	0.7482	     0
0.0749	     5	0.7491	     0
0.0750	     2	0.7499	     0
0.0751	     5	0.7507	     0
0.0752	     5	0.7516	     0
0.0752	     2	0.7524	     0
0.0753	     2	0.7532	     0
0.0754	     2	0.7541	     0
0.0755	     1	0.7549	     0
0.0756	     3	0.7557	     0
0.0757	     5	0.7565	     0
0.0757	     2	0.7574	     0
0.0758	     5	0.7582	     0
0.0759	     4	0.7590	     0
0.0760	     6	0.7599	     0
0.0761	     0	0.7607	     0
0.0762	     7	0.7615	     0
0.0762	    10	0.7624	     0
0.0763	     3	0.7632	     0
0.0764	     5	0.7640	     0
0.0765	     2	0.7648	     0
0.0766	     2	0.7657	     0
0.0767	     6	0.7665	     0
0.0767	     5	0.7673	     0
0.0768	     3	0.7682	     0
0.0769	     4	0.7690	     0
0.0770	     7	0.7698	     0
0.0771	     4	0.7707	     0
0.0771	     4	0.7715	     0
0.0772	     3	0.7723	     0
0.0773	     5	0.7731	     0
0.0774	     3	0.7740	     0
0.0775	     2	0.7748	     0
0.0776	     4	0.7756	     0
0.0776	     3	0.7765	     0
0.0777	     3	0.7773	     0
0.0778	     3	0.7781	     0
0.0779	     0	0.7790	     0
0.0780	     4	0.7798	     0
0.0781	     7	0.7806	     0
0.0781	     5	0.7814	     0
0.0782	     1	0.7823	     0
0.0783	     2	0.7831	     0
0.0784	     5	0.7839	     0
0.0785	     2	0.7848	     0
0.0786	     4	0.7856	     0
0.0786	     5	0.7864	     0
0.0787	     3	0.7873	     0
0.0788	     3	0.7881	     0
0.0789	     2	0.7889	     0
0.0790	     1	0.7897	     0
0.0791	     3	0.7906	     0
0.0791	     5	0.7914	     0
0.0792	    10	0.7922	     0
0.0793	     5	0.7931	     0
0.0794	     1	0.7939	     0
0.0795	     1	0.7947	     0
0.0796	     5	0.7956	     0
0.0796	     1	0.7964	     0
0.0797	     5	0.7972	     0
0.0798	     5	0.7980	     0
0.0799	     2	0.7989	     0
0.0800	     2	0.7997	     0
0.0801	     4	0.8005	     0
0.0801	     1	0.8014	     0
0.0802	     2	0.8022	     0
0.0803	     6	0.8030	     0
0.0804	     3	0.8039	     0
0.0805	     2	0.8047	     0
0.0806	     5	0.8055	     0
0.0806	     5	0.8063	     0
0.0807	     4	0.8072	     0
0.0808	     2	0.8080	     0
0.0809	     3	0.8088	     0
0.0810	     1	0.8097	     0
0.0810	     5	0.8105	     0
0.0811	     3	0.8113	     0
0.0812	     3	0.8122	     0
0.0813	     1	0.8130	     0
0.0814	     6	0.8138	     0
0.0815	     2	0.8146	     0
0.0815	     6	0.8155	     0
0.0816	     8	0.8163	     0
0.0817	     3	0.8171	     0
0.0818	     2	0.8180	     0
0.0819	     5	0.8188	     0
0.0820	     1	0.8196	     0
0.0820	     2	0.8205	     0
0.0821	     1	0.8213	     0
0.0822	     4	0.8221	     0
0.0823	     5	0.8229	     0
0.0824	     1	0.8238	     0
0.0825	     0	0.8246	     0
0.0825	     6	0.8254	     0
0.0826	     4	0.8263	     0
0.0827	     4	0.8271	     0
0.0828	     3	0.8279	     0
0.0829	     3	0.8288	     0
0.0830	     2	0.8296	     0
0.0830	     2	0.8304	     0
0.0831	     3	0.8313	     0
0.0832	     2	0.8321	     0
0.0833	     4	0.8329	     0
0.0834	     3	0.8337	     0
0.0835	     2	0.8346	     0
0.0835	     7	0.8354	     0
0.0836	     1	0.8362	     0
0.0837	     7	0.8371	     0
0.0838	     1	0.8379	     0
0.0839	     6	0.8387	     0
0.0840	     6	0.8396	     0
0.0840	     2	0.8404	     0
0.0841	     6	0.8412	     0
0.0842	     7	0.8420	     0
0.0843	     1	0.8429	     0
0.0844	     3	0.8437	     0
0.0845	     3	0.8445	     0
0.0845	     4	0.8454	     0
0.0846	     1	0.8462	     0
0.0847	     3	0.8470	     0
0.0848	     5	0.8479	     0
0.0849	     2	0.8487	     0
0.0850	     2	0.8495	     0
0.0850	     4	0.8503	     0
0.0851	     4	0.8512	     0
0.0852	     5	0.8520	     0
0.0853	     1	0.8528	     0
0.0854	     1	0.8537	     0
0.0854	     7	0.8545	     0
0.0855	     2	0.8553	     0
0.0856	     0	0.8562	     0
0.0857	     1	0.8570	     0
0.0858	     2	0.8578	     0
0.0859	     1	0.8586	     0
0.0859	     2	0.8595	     0
0.0860	     3	0.8603	     0
0.0861	     2	0.8611	     0
0.0862	     1	0.8620	     0
0.0863	     0	0.8628	     0
0.0864	     4	0.8636	     0
0.0864	     7	0.8645	     0
0.0865	     1	0.8653	     0
0.0866	     0	0.8661	     0
0.0867	     3	0.8669	     0
0.0868	     2	0.8678	     0
0.0869	     1	0.8686	     0
0.0869	     7	0.8694	     0
0.0870	     4	0.8703	     0
0.0871	     2	0.8711	     0
0.0872	     4	0.8719	     0
0.0873	     0	0.8728	     0
0.0874	     0	0.8736	     0
0.0874	     1	0.8744	     0
0.0875	     4	0.8752	     0
0.0876	     1	0.8761	     0
0.0877	     2	0.8769	     0
0.0878	     3	0.8777	     0
0.0879	     1	0.8786	     0
0.0879	     5	0.8794	     0
0.0880	     4	0.8802	     0
0.0881	     6	0.8811	     0
0.0882	     4	0.8819	     0
0.0883	     4	0.8827	     0
0.0884	     1	0.8835	     0
0.0884	     1	0.8844	     0
0.0885	     2	0.8852	     0
0.0886	     2	0.8860	     0
0.0887	     4	0.8869	     0
0.0888	     1	0.8877	     0
0.0889	     2	0.8885	     0
0.0889	     5	0.8894	     0
0.0890	     3	0.8902	     0
0.0891	     2	0.8910	     0
0.0892	     3	0.8918	     0
0.0893	     3	0.8927	     0
0.0894	     4	0.8935	     0
0.0894	     2	0.8943	     0
0.0895	     1	0.8952	     0
0.0896	     6	0.8960	     0
0.0897	     5	0.8968	     0
0.0898	     6	0.8977	     0
0.0898	     2	0.8985	     0
0.0899	     5	0.8993	     0
0.0900	     2	0.9001	     0
0.0901	     6	0.9010	     0
0.0902	     5	0.9018	     0
0.0903	     5	0.9026	     0
0.0903	     1	0.9035	     0
0.0904	     4	0.9043	     0
0.0905	     2	0.9051	     0
0.0906	     0	0.9060	     0
0.0907	     2	0.9068	     0
0.0908	     2	0.9076	     0
0.0908	     4	0.9084	     0
0.0909	     3	0.9093	     0
0.0910	     5	0.9101	     0
0.0911	     5	0.9109	     0
0.0912	     1	0.9118	     0
0.0913	     3	0.9126	     0
0.0913	     1	0.9134	     0
0.0914	     2	0.9143	     0
0.0915	     1	0.9151	     0
0.0916	     1	0.9159	     0
0.0917	     2	0.9167	     0
0.0918	     3	0.9176	     0
0.0918	     2	0.9184	     0
0.0919	     1	0.9192	     0
0.0920	     3	0.9201	     0
0.0921	     6	0.9209	     0
0.0922	     5	0.9217	     0
0.0923	     4	0.9226	     0
0.0923	     1	0.9234	     0
0.0924	     1	0.9242	     0
0.0925	     5	0.9250	     0
0.0926	     5	0.9259	     0
0.0927	     3	0.9267	     0
0.0928	     2	0.9275	     0
0.0928	     3	0.9284	     0
0.0929	     4	0.9292	     0
0.0930	     2	0.9300	     0
0.0931	     1	0.9309	     0
0.0932	     6	0.9317	     0
0.0933	     2	0.9325	     0
0.0933	     2	0.9333	     0
0.0934	     2	0.9342	     0
0.0935	     3	0.9350	     0
0.0936	     4	0.9358	     0
0.0937	     4	0.9367	     0
0.0938	     1	0.9375	     0
0.0938	     3	0.9383	     0
0.0939	     0	0.9392	     0
0.0940	     3	0.9400	     0
0.0941	     3	0.9408	     0
0.0942	     3	0.9417	     0
0.0942	     3	0.9425	     0
0.0943	     3	0.9433	     0
0.0944	     6	0.9441	     0
0.0945	     2	0.9450	     0
0.0946	     5	0.9458	     0
0.0947	     3	0.9466	     0
0.0947	     4	0.9475	     0
0.0948	     0	0.9483	     0
0.0949	     3	0.9491	     0
0.0950	     5	0.9500	     0
0.0951	     3	0.9508	     0
0.0952	     9	0.9516	     0
0.0952	     1	0.9524	     0
0.0953	     2	0.9533	     0
0.0954	     2	0.9541	     0
0.0955	     5	0.9549	     0
0.0956	     6	0.9558	     0
0.0957	     3	0.9566	     0
0.0957	     5	0.9574	     0
0.0958	     2	0.9583	     0
0.0959	     0	0.9591	     0
0.0960	     1	0.9599	     0
0.0961	     3	0.9607	     0
0.0962	     3	0.9616	     0
0.0962	     2	0.9624	     0
0.0963	     3	0.9632	     0
0.0964	     3	0.9641	     0
0.0965	     1	0.9649	     0
0.0966	     4	0.9657	     0
0.0967	     4	0.9666	     0
0.0967	     0	0.9674	     0
0.0968	     3	0.9682	     0
0.0969	     3	0.9690	     0
0.0970	     3	0.9699	     0
0.0971	     2	0.9707	     0
0.0972	     1	0.9715	     0
0.0972	     5	0.9724	     0
0.0973	     0	0.9732	     0
0.0974	     1	0.9740	     0
0.0975	     3	0.9749	     0
0.0976	     4	0.9757	     0
0.0977	     2	0.9765	     0
0.0977	     1	0.9773	     0
0.0978	     1	0.9782	     0
0.0979	     4	0.9790	     0
0.0980	     2	0.9798	     0
0.0981	     2	0.9807	     0
0.0981	     4	0.9815	     0
0.0982	     6	0.9823	     0
0.0983	     4	0.9832	     0
0.0984	     5	0.9840	     0
0.0985	     2	0.9848	     0
0.0986	     3	0.9856	     0
0.0986	     2	0.9865	     0
0.0987	     4	0.9873	     0
0.0988	     2	0.9881	     0
0.0989	     1	0.9890	     0
0.0990	     4	0.9898	     0
0.0991	     3	0.9906	     0
0.0991	     3	0.9915	     0
0.0992	     4	0.9923	     0
0.0993	     3	0.9931	     0
0.0994	     2	0.9939	     0
0.0995	     6	0.9948	     0
0.0996	     2	0.9956	     0
0.0996	     4	0.9964	     0
0.0997	     2	0.9973	     0
0.0998	     3	0.9981	     0
0.0999	     2	0.9989	     0
0.1000	     4	0.9998	     0
0.1001	     5	1.0006	     0
0.1001	     3	1.0014	     0
0.1002	     2	1.0022	     0
0.1003	     3	1.0031	     0
0.1004	     5	1.0039	     0
0.1005	     2	1.0047	     0
0.1006	     1	1.0056	     0
0.1006	     3	1.0064	     0
0.1007	     1	1.0072	     0
0.1008	     2	1.0081	     0
0.1009	     2	1.0089	     0
0.1010	     3	1.0097	     0
0.1011	     6	1.0105	     0
0.1011	     1	1.0114	     0
0.1012	     2	1.0122	     0
0.1013	     5	1.0130	     0
0.1014	     4	1.0139	     0
0.1015	     3	1.0147	     0
0.1016	     3	1.0155	     0
0.1016	     2	1.0164	     0
0.1017	     1	1.0172	     0
0.1018	     1	1.0180	     0
0.1019	     2	1.0188	     0
0.1020	     5	1.0197	     0
0.1021	     0	1.0205	     0
0.1021	     1	1.0213	     0
0.1022	     3	1.0222	     0
0.1023	     0	1.0230	     0
0.1024	     4	1.0238	     0
0.1025	     1	1.0247	     0
0.1025	     3	1.0255	     0
0.1026	     3	1.0263	     0
0.1027	     3	1.0271	     0
0.1028	     3	1.0280	     0
0.1029	     1	1.0288	     0
0.1030	     1	1.0296	     0
0.1030	     3	1.0305	     0
0.1031	     3	1.0313	     0
0.1032	     2	1.0321	     0
0.1033	     3	1.0330	     0
0.1034	     1	1.0338	     0
0.1035	     1	1.0346	     0
0.1035	     1	1.0354	     0
0.1036	     6	1.0363	     0
0.1037	     2	1.0371	     0
0.1038	     1	1.0379	     0
0.1039	     1	1.0388	     0
0.1040	     4	1.0396	     0
0.1040	     3	1.0404	     0
0.1041	     7	1.0413	     0
0.1042	     2	1.0421	     0
0.1043	     2	1.0429	     0
0.1044	     1	1.0438	     0
0.1045	     2	1.0446	     0
0.1045	     1	1.0454	     0
0.1046	     3	1.0462	     0
0.1047	     6	1.0471	     0
0.1048	     1	1.0479	     0
0.1049	     4	1.0487	     0
0.1050	     3	1.0496	     0
0.1050	     5	1.0504	     0
0.1051	     3	1.0512	     0
0.1052	     1	1.0521	     0
0.1053	     1	1.0529	     0
0.1054	     3	1.0537	     0
0.1055	     3	1.0545	     0
0.1055	     3	1.0554	     0
0.1056	     3	1.0562	     0
0.1057	     2	1.0570	     0
0.1058	     1	1.0579	     0
0.1059	     3	1.0587	     0
0.1060	     3	1.0595	     0
0.1060	     1	1.0604	     0
0.1061	     1	1.0612	     0
0.1062	     3	1.0620	     0
0.1063	     3	1.0628	     0
0.1064	     2	1.0637	     0
0.1065	     4	1.0645	     0
0.1065	     3	1.0653	     0
0.1066	     0	1.0662	     0
0.1067	     3	1.0670	     0
0.1068	     3	1.0678	     0
0.1069	     0	1.0687	     0
0.1069	     3	1.0695	     0
0.1070	     2	1.0703	     0
0.1071	     2	1.0711	     0
0.1072	     1	1.0720	     0
0.1073	     3	1.0728	     0
0.1074	     2	1.0736	     0
0.1074	     1	1.0745	     0
0.1075	     1	1.0753	     0
0.1076	     1	1.0761	     0
0.1077	     2	1.0770	     0
0.1078	     5	1.0778	     0
0.1079	     2	1.0786	     0
0.1079	     2	1.0794	     0
0.1080	     3	1.0803	     0
0.1081	     2	1.0811	     0
0.1082	     2	1.0819	     0
0.1083	     3	1.0828	     0
0.1084	     1	1.0836	     0
0.1084	     1	1.0844	     0
0.1085	     1	1.0853	     0
0.1086	     2	1.0861	     0
0.1087	     1	1.0869	     0
0.1088	     2	1.0877	     0
0.1089	     0	1.0886	     0
0.1089	     3	1.0894	     0
0.1090	     3	1.0902	     0
0.1091	     2	1.0911	     0
0.1092	     3	1.0919	     0
0.1093	     0	1.0927	     0
0.1094	     5	1.0936	     0
0.1094	     6	1.0944	     0
0.1095	     2	1.0952	     0
0.1096	     4	1.0960	     0
0.1097	     2	1.0969	     0
0.1098	     3	1.0977	     0
0.1099	     4	1.0985	     0
0.1099	     4	1.0994	     0
0.1100	     2	1.1002	     0
0.1101	     0	1.1010	     0
0.1102	     1	1.1019	     0
0.1103	     3	1.1027	     0
0.1104	     2	1.1035	     0
0.1104	     1	1.1043	     0
0.1105	     2	1.1052	     0
0.1106	     2	1.1060	     0
0.1107	     1	1.1068	     0
0.1108	     4	1.1077	     0
0.1108	     1	1.1085	     0
0.1109	     0	1.1093	     0
0.1110	     2	1.1102	     0
0.1111	     1	1.1110	     0
0.1112	     3	1.1118	     0
0.1113	     2	1.1126	     0
0.1113	     4	1.1135	     0
0.1114	     4	1.1143	     0
0.1115	     1	1.1151	     0
0.1116	     1	1.1160	     0
0.1117	     1	1.1168	     0
0.1118	     3	1.1176	     0
0.1118	     0	1.1185	     0
0.1119	     0	1.1193	     0
0.1120	     0	1.1201	     0
0.1121	     1	1.1209	     0
0.1122	     1	1.1218	     0
0.1123	     1	1.1226	     0
0.1123	     2	1.1234	     0
0.1124	     2	1.1243	     0
0.1125	     1	1.1251	     0
0.1126	     0	1.1259	     0
0.1127	     1	1.1268	     0
0.1128	     2	1.1276	     0
0.1128	     1	1.1284	     0
0.1129	     2	1.1292	     0
0.1130	     1	1.1301	     0
0.1131	     0	1.1309	     0
0.1132	     0	1.1317	     0
0.1133	     1	1.1326	     0
0.1133	     1	1.1334	     0
0.1134	     2	1.1342	     0
0.1135	     2	1.1351	     0
0.1136	     2	1.1359	     0
0.1137	     3	1.1367	     0
0.1138	     3	1.1375	     0
0.1138	     4	1.1384	     0
0.1139	     2	1.1392	     0
0.1140	     1	1.1400	     0
0.1141	     2	1.1409	     0
0.1142	     4	1.1417	     0
0.1143	     1	1.1425	     0
0.1143	     0	1.1434	     0
0.1144	     2	1.1442	     0
0.1145	     1	1.1450	     0
0.1146	     4	1.1458	     0
0.1147	     3	1.1467	     0
0.1148	     2	1.1475	     0
0.1148	     1	1.1483	     0
0.1149	     1	1.1492	     0
0.1150	     1	1.1500	     0
0.1151	     3	1.1508	     0
0.1152	     1	1.1517	     0
0.1152	     0	1.1525	     0
0.1153	     3	1.1533	     0
0.1154	     2	1.1542	     0
0.1155	     1	1.1550	     0
0.1156	     2	1.1558	     0
0.1157	     1	1.1566	     0
0.1157	     1	1.1575	     0
0.1158	     1	1.1583	     0
0.1159	     3	1.1591	     0
0.1160	     2	1.1600	     0
0.1161	     1	1.1608	     0
0.1162	     3	1.1616	     0
0.1162	     1	1.1625	     0
0.1163	     2	1.1633	     0
0.1164	     1	1.1641	     0
0.1165	     1	1.1649	     0
0.1166	     1	1.1658	     0
0.1167	     0	1.1666	     0
0.1167	     2	1.1674	     0
0.1168	     1	1.1683	     0
0.1169	     1	1.1691	     0
0.1170	     1	1.1699	     0
0.1171	     4	1.1708	     0
0.1172	     0	1.1716	     0
0.1172	     1	1.1724	     0
0.1173	     2	1.1732	     0
0.1174	     1	1.1741	     0
0.1175	     0	1.1749	     0
0.1176	     4	1.1757	     0
0.1177	     0	1.1766	     0
0.1177	     4	1.1774	     0
0.1178	     2	1.1782	     0
0.1179	     2	1.1791	     0
0.1180	     2	1.1799	     0
0.1181	     2	1.1807	     0
0.1182	     1	1.1815	     0
0.1182	     4	1.1824	     0
0.1183	     0	1.1832	     0
0.1184	     1	1.1840	     0
0.1185	     1	1.1849	     0
0.1186	     0	1.1857	     0
0.1187	     2	1.1865	     0
0.1187	     2	1.1874	     0
0.1188	     0	1.1882	     0
0.1189	     0	1.1890	     0
0.1190	     4	1.1898	     0
0.1191	     0	1.1907	     0
0.1192	     3	1.1915	     0
0.1192	     0	1.1923	     0
0.1193	     0	1.1932	     0
0.1194	     0	1.1940	     0
0.1195	     3	1.1948	     0
0.1196	     1	1.1957	     0
0.1196	     5	1.1965	     0
0.1197	     2	1.1973	     0
0.1198	     0	1.1981	     0
0.1199	     2	1.1990	     0
0.1200	     2	1.1998	     0
0.1201	     3	1.2006	     0
0.1201	     1	1.2015	     0
0.1202	     1	1.2023	     0
0.1203	     1	1.2031	     0
0.1204	     3	1.2040	     0
0.1205	     1	1.2048	     0
0.1206	     1	1.2056	     0
0.1206	     2	1.2064	     0
0.1207	     2	1.2073	     0
0.1208	     3	1.2081	     0
0.1209	     3	1.2089	     0
0.1210	     6	1.2098	     0
0.1211	     1	1.2106	     0
0.1211	     2	1.2114	     0
0.1212	     3	1.2123	     0
0.1213	     0	1.2131	     0
0.1214	     0	1.2139	     0
0.1215	     1	1.2147	     0
0.1216	     2	1.2156	     0
0.1216	     1	1.2164	     0
0.1217	     3	1.2172	     0
0.1218	     2	1.2181	     0
0.1219	     4	1.2189	     0
0.1220	     2	1.2197	     0
0.1221	     1	1.2206	     0
0.1221	     1	1.2214	     0
0.1222	     3	1.2222	     0
0.1223	     1	1.2230	     0
0.1224	     1	1.2239	     0
0.1225	     0	1.2247	     0
0.1226	     5	1.2255	     0
0.1226	     1	1.2264	     0
0.1227	     2	1.2272	     0
0.1228	     2	1.2280	     0
0.1229	     3	1.2289	     0
0.1230	     1	1.2297	     0
0.1231	     4	1.2305	     0
0.1231	     2	1.2313	     0
0.1232	     2	1.2322	     0
0.1233	     1	1.2330	     0
0.1234	     2	1.2338	     0
0.1235	     5	1.2347	     0
0.1235	     4	1.2355	     0
0.1236	     2	1.2363	     0
0.1237	     2	1.2372	     0
0.1238	     5	1.2380	     0
0.1239	     3	1.2388	     0
0.1240	     3	1.2396	     0
0.1240	     1	1.2405	     0
0.1241	     4	1.2413	     0
0.1242	     1	1.2421	     0
0.1243	     5	1.2430	     0
0.1244	     2	1.2438	     0
0.1245	     2	1.2446	     0
0.1245	     3	1.2455	     0
0.1246	     6	1.2463	     0
0.1247	     4	1.2471	     0
0.1248	     6	1.2479	     0
0.1249	     5	1.2488	     0
0.1250	     5	1.2496	     0
0.1250	     4	1.2504	     0
0.1251	     6	1.2513	     0
0.1252	     9	1.2521	     0
0.1253	     7	1.2529	     0
0.1254	     4	1.2538	     0
0.1255	     3	1.2546	     0
0.1255	     3	1.2554	     0
0.1256	     8	1.2562	     0
0.1257	     3	1.2571	     0
0.1258	     1	1.2579	     0
0.1259	     6	1.2587	     0
0.1260	     5	1.2596	     0
0.1260	     5	1.2604	     0
0.1261	     3	1.2612	     0
0.1262	     5	1.2621	     0
0.1263	     1	1.2629	     0
0.1264	     3	1.2637	     0
0.1265	     7	1.2646	     0
0.1265	     2	1.2654	     0
0.1266	     9	1.2662	     0
0.1267	     6	1.2670	     0
0.1268	     4	1.2679	     0
0.1269	     2	1.2687	     0
0.1270	     7	1.2695	     0
0.1270	     3	1.2704	     0
0.1271	     3	1.2712	     0
0.1272	     9	1.2720	     0
0.1273	     4	1.2729	     0
0.1274	     8	1.2737	     0
0.1275	     7	1.2745	     0
0.1275	     9	1.2753	     0
0.1276	     4	1.2762	     0
0.1277	     3	1.2770	     0
0.1278	     5	1.2778	     0
0.1279	     5	1.2787	     0
0.1279	     7	1.2795	     0
0.1280	     2	1.2803	     0
0.1281	     2	1.2812	     0
0.1282	     6	1.2820	     0
0.1283	     8	1.2828	     0
0.1284	     6	1.2836	     0
0.1284	     9	1.2845	     0
0.1285	     4	1.2853	     0
0.1286	     4	1.2861	     0
0.1287	     4	1.2870	     0
0.1288	    13	1.2878	     0
0.1289	     5	1.2886	     0
0.1289	     9	1.2895	     0
0.1290	     4	1.2903	     0
0.1291	     1	1.2911	     0
0.1292	     3	1.2919	     0
0.1293	     8	1.2928	     0
0.1294	     6	1.2936	     0
0.1294	     8	1.2944	     0
0.1295	     3	1.2953	     0
0.1296	     4	1.2961	     0
0.1297	     7	1.2969	     0
0.1298	     5	1.2978	     0
0.1299	     2	1.2986	     0
0.1299	     3	1.2994	     0
0.1300	     5	1.3002	     0
0.1301	     4	1.3011	     0
0.1302	     6	1.3019	     0
0.1303	     4	1.3027	     0
0.1304	     3	1.3036	     0
0.1304	     3	1.3044	     0
0.1305	     2	1.3052	     0
0.1306	     6	1.3061	     0
0.1307	     3	1.3069	     0
0.1308	     4	1.3077	     0
0.1309	     5	1.3085	     0
0.1309	     2	1.3094	     0
0.1310	     5	1.3102	     0
0.1311	     1	1.3110	     0
0.1312	     0	1.3119	     0
0.1313	     4	1.3127	     0
0.1314	     5	1.3135	     0
0.1314	     1	1.3144	     0
0.1315	     5	1.3152	     0
0.1316	     3	1.3160	     0
0.1317	     1	1.3168	     0
0.1318	     1	1.3177	     0
0.1319	     5	1.3185	     0
0.1319	     1	1.3193	     0
0.1320	     2	1.3202	     0
0.1321	     3	1.3210	     0
0.1322	     0	1.3218	     0
0.1323	     0	1.3227	     0
0.1323	     1	1.3235	     0
0.1324	     3	1.3243	     0
0.1325	     2	1.3251	     0
0.1326	     5	1.3260	     0
0.1327	     2	1.3268	     0
0.1328	     1	1.3276	     0
0.1328	     2	1.3285	     0
0.1329	     0	1.3293	     0
0.1330	     1	1.3301	     0
0.1331	     4	1.3310	     0
0.1332	     0	1.3318	     0
0.1333	     2	1.3326	     0
0.1333	     1	1.3334	     0
0.1334	     0	1.3343	     0
0.1335	     3	1.3351	     0
0.1336	     0	1.3359	     0
0.1337	     0	1.3368	     0
0.1338	     1	1.3376	     0
0.1338	     1	1.3384	     0
0.1339	     0	1.3393	     0
0.1340	     1	1.3401	     0
0.1341	     1	1.3409	     0
0.1342	     1	1.3417	     0
0.1343	     2	1.3426	     0
0.1343	     0	1.3434	     0
0.1344	     1	1.3442	     0
0.1345	     0	1.3451	     0
0.1346	     1	1.3459	     0
0.1347	     0	1.3467	     0
0.1348	     1	1.3476	     0
0.1348	     1	1.3484	     0
0.1349	     0	1.3492	     0
0.1350	     1	1.3500	     0
0.1351	     0	1.3509	     0
0.1352	     0	1.3517	     0
0.1353	     1	1.3525	     0
0.1353	     0	1.3534	     0
0.1354	     1	1.3542	     0
0.1355	     1	1.3550	     0
0.1356	     1	1.3559	     0
0.1357	     0	1.3567	     0
0.1358	     0	1.3575	     0
0.1358	     1	1.3583	     0
0.1359	     1	1.3592	     0
0.1360	     0	1.3600	     0
0.1361	     0	1.3608	     0
0.1362	     1	1.3617	     0
0.1363	     0	1.3625	     0
0.1363	     0	1.3633	     0
0.1364	     0	1.3642	     0
0.1365	     1	1.3650	     0
0.1366	     0	1.3658	     0
0.1367	     0	1.3667	     0
0.1367	     0	1.3675	     0
0.1368	     0	1.3683	     0
0.1369	     0	1.3691	     0
0.1370	     1	1.3700	     0
0.1371	     0	1.3708	     0
0.1372	     1	1.3716	     0
0.1372	     0	1.3725	     0
0.1373	     1	1.3733	     0
0.1374	     0	1.3741	     0
0.1375	     0	1.3750	     0
0.1376	     0	1.3758	     0
0.1377	     1	1.3766	     0
0.1377	     0	1.3774	     0
0.1378	     0	1.3783	     0
0.1379	     1	1.3791	     0
0.1380	     0	1.3799	     0
0.1381	     2	1.3808	     0
0.1382	     0	1.3816	     0
0.1382	     0	1.3824	     0
0.1383	     0	1.3833	     0
0.1384	     1	1.3841	     0
0.1385	     1	1.3849	     0
0.1386	     0	1.3857	     0
0.1387	     1	1.3866	     0
0.1387	     0	1.3874	     0
0.1388	     1	1.3882	     0
0.1389	     0	1.3891	     0
0.1390	     1	1.3899	     0
0.1391	     0	1.3907	     0
0.1392	     0	1.3916	     0
0.1392	     0	1.3924	     0
0.1393	     2	1.3932	     0
0.1394	     0	1.3940	     0
0.1395	     0	1.3949	     0
0.1396	     0	1.3957	     0
0.1397	     0	1.3965	     0
0.1397	     1	1.3974	     0
0.1398	     1	1.3982	     0
0.1399	     2	1.3990	     0
0.1400	     0	1.3999	     0
0.1401	     0	1.4007	     0
0.1402	     0	1.4015	     0
0.1402	     0	1.4023	     0
0.1403	     0	1.4032	     0
0.1404	     0	1.4040	     0
0.1405	     1	1.4048	     0
0.1406	     0	1.4057	     0
0.1406	     1	1.4065	     0
0.1407	     0	1.4073	     0
0.1408	     1	1.4082	     0
0.1409	     1	1.4090	     0
0.1410	     0	1.4098	     0
0.1411	     2	1.4106	     0
0.1411	     1	1.4115	     0
0.1412	     1	1.4123	     0
0.1413	     0	1.4131	     0
0.1414	     0	1.4140	     0
0.1415	     0	1.4148	     0
0.1416	     1	1.4156	     0
0.1416	     0	1.4165	     0
0.1417	     0	1.4173	     0
0.1418	     1	1.4181	     0
0.1419	     0	1.4189	     0
0.1420	     2	1.4198	     0
0.1421	     0	1.4206	     0
0.1421	     0	1.4214	     0
0.1422	     0	1.4223	     0
0.1423	     0	1.4231	     0
0.1424	     1	1.4239	     0
0.1425	     0	1.4248	     0
0.1426	     0	1.4256	     0
0.1426	     3	1.4264	     0
0.1427	     0	1.4272	     0
0.1428	     0	1.4281	     0
0.1429	     0	1.4289	     0
0.1430	     1	1.4297	     0
0.1431	     0	1.4306	     0
0.1431	     1	1.4314	     0
0.1432	     1	1.4322	     0
0.1433	     0	1.4331	     0
0.1434	     0	1.4339	     0
0.1435	     0	1.4347	     0
0.1436	     0	1.4355	     0
0.1436	     2	1.4364	     0
0.1437	     1	1.4372	     0
0.1438	     0	1.4380	     0
0.1439	     0	1.4389	     0
0.1440	     0	1.4397	     0
0.1441	     0	1.4405	     0
0.1441	     0	1.4414	     0
0.1442	     0	1.4422	     0
0.1443	     0	1.4430	     0
0.1444	     0	1.4438	     0
0.1445	     1	1.4447	     0
0.1446	     1	1.4455	     0
0.1446	     1	1.4463	     0
0.1447	     1	1.4472	     0
0.1448	     0	1.4480	     0
0.1449	     0	1.4488	     0
0.1450	     0	1.4497	     0
0.1450	     0	1.4505	     0
0.1451	     1	1.4513	     0
0.1452	     0	1.4521	     0
0.1453	     0	1.4530	     0
0.1454	     0	1.4538	     0
0.1455	     0	1.4546	     0
0.1455	     0	1.4555	     0
0.1456	     0	1.4563	     0
0.1457	     0	1.4571	     0
0.1458	     0	1.4580	     0
0.1459	     0	1.4588	     0
0.1460	     0	1.4596	     0
0.1460	     0	1.4604	     0
0.1461	     1	1.4613	     0
0.1462	     0	1.4621	     0
0.1463	     2	1.4629	     0
0.1464	     0	1.4638	     0
0.1465	     0	1.4646	     0
0.1465	     0	1.4654	     0
0.1466	     2	1.4663	     0
0.1467	     1	1.4671	     0
0.1468	     1	1.4679	     0
0.1469	     1	1.4688	     0
0.1470	     0	1.4696	     0
0.1470	     2	1.4704	     0
0.1471	     2	1.4712	     0
0.1472	     0	1.4721	     0
0.1473	     0	1.4729	     0
0.1474	     0	1.4737	     0
0.1475	     0	1.4746	     0
0.1475	     0	1.4754	     0
0.1476	     0	1.4762	     0
0.1477	     0	1.4771	     0
0.1478	     1	1.4779	     0
0.1479	     0	1.4787	     0
0.1480	     0	1.4795	     0
0.1480	     1	1.4804	     0
0.1481	     1	1.4812	     0
0.1482	     0	1.4820	     0
0.1483	     0	1.4829	     0
0.1484	     0	1.4837	     0
0.1485	     2	1.4845	     0
0.1485	     0	1.4854	     0
0.1486	     1	1.4862	     0
0.1487	     0	1.4870	     0
0.1488	     0	1.4878	     0
0.1489	     0	1.4887	     0
0.1490	     1	1.4895	     0
0.1490	     0	1.4903	     0
0.1491	     0	1.4912	     0
0.1492	     3	1.4920	     0
0.1493	     1	1.4928	     0
0.1494	     0	1.4937	     0
0.1494	     0	1.4945	     0
0.1495	     0	1.4953	     0
0.1496	     0	1.4961	     0
0.1497	     0	1.4970	     0
0.1498	     1	1.4978	     0
0.1499	     1	1.4986	     0
0.1499	     1	1.4995	     0
0.1500	     0	1.5003	     0
0.1501	     0	1.5011	     0
0.1502	     1	1.5020	     0
0.1503	     0	1.5028	     0
0.1504	     2	1.5036	     0
0.1504	     1	1.5044	     0
0.1505	     0	1.5053	     0
0.1506	     0	1.5061	     0
0.1507	     1	1.5069	     0
0.1508	     0	1.5078	     0
0.1509	     0	1.5086	     0
0.1509	     0	1.5094	     0
0.1510	     0	1.5103	     0
0.1511	     1	1.5111	     0
0.1512	     0	1.5119	     0
0.1513	     0	1.5127	     0
0.1514	     0	1.5136	     0
0.1514	     0	1.5144	     0
0.1515	     2	1.5152	     0
0.1516	     0	1.5161	     0
0.1517	     0	1.5169	     0
0.1518	     1	1.5177	     0
0.1519	     0	1.5186	     0
0.1519	     0	1.5194	     0
0.1520	     0	1.5202	     0
0.1521	     0	1.5210	     0
0.1522	     0	1.5219	     0
0.1523	     1	1.5227	     0
0.1524	     2	1.5235	     0
0.1524	     0	1.5244	     0
0.1525	     1	1.5252	     0
0.1526	     0	1.5260	     0
0.1527	     0	1.5269	     0
0.1528	     1	1.5277	     0
0.1529	     0	1.5285	     0
0.1529	     0	1.5293	     0
0.1530	     1	1.5302	     0
0.1531	     0	1.5310	     0
0.1532	     0	1.5318	     0
0.1533	     0	1.5327	     0
0.1533	     1	1.5335	     0
0.1534	     0	1.5343	     0
0.1535	     0	1.5352	     0
0.1536	     0	1.5360	     0
0.1537	     2	1.5368	     0
0.1538	     0	1.5376	     0
0.1538	     1	1.5385	     0
0.1539	     0	1.5393	     0
0.1540	     1	1.5401	     0
0.1541	     0	1.5410	     0
0.1542	     0	1.5418	     0
0.1543	     3	1.5426	     0
0.1543	     0	1.5435	     0
0.1544	     0	1.5443	     0
0.1545	     1	1.5451	     0
0.1546	     0	1.5459	     0
0.1547	     0	1.5468	     0
0.1548	     0	1.5476	     0
0.1548	     0	1.5484	     0
0.1549	     0	1.5493	     0
0.1550	     1	1.5501	     0
0.1551	     0	1.5509	     0
0.1552	     0	1.5518	     0
0.1553	     1	1.5526	     0
0.1553	     0	1.5534	     0
0.1554	     0	1.5542	     0
0.1555	     0	1.5551	     0
0.1556	     0	1.5559	     0
0.1557	     0	1.5567	     0
0.1558	     0	1.5576	     0
0.1558	     2	1.5584	     0
0.1559	     3	1.5592	     0
0.1560	     0	1.5601	     0
0.1561	     0	1.5609	     0
0.1562	     0	1.5617	     0
0.1563	     0	1.5625	     0
0.1563	     0	1.5634	     0
0.1564	     1	1.5642	     0
0.1565	     1	1.5650	     0
0.1566	     1	1.5659	     0
0.1567	     1	1.5667	     0
0.1568	     2	1.5675	     0
0.1568	     0	1.5684	     0
0.1569	     0	1.5692	     0
0.1570	     0	1.5700	     0
0.1571	     0	1.5708	     0
0.1572	     2	1.5717	     0
0.1573	     1	1.5725	     0
0.1573	     0	1.5733	     0
0.1574	     0	1.5742	     0
0.1575	     1	1.5750	     0
0.1576	     1	1.5758	     0
0.1577	     1	1.5767	     0
0.1577	     0	1.5775	     0
0.1578	     2	1.5783	     0
0.1579	     0	1.5792	     0
0.1580	     1	1.5800	     0
0.1581	     0	1.5808	     0
0.1582	     0	1.5816	     0
0.1582	     0	1.5825	     0
0.1583	     0	1.5833	     0
0.1584	     1	1.5841	     0
0.1585	     1	1.5850	     0
0.1586	     0	1.5858	     0
0.1587	     1	1.5866	     0
0.1587	     0	1.5875	     0
0.1588	     0	1.5883	     0
0.1589	     0	1.5891	     0
0.1590	     0	1.5899	     0
0.1591	     0	1.5908	     0
0.1592	     1	1.5916	     0
0.1592	     2	1.5924	     0
0.1593	     1	1.5933	     0
0.1594	     0	1.5941	     0
0.1595	     0	1.5949	     0
0.1596	     0	1.5958	     0
0.1597	     0	1.5966	     0
0.1597	     1	1.5974	     0
0.1598	     1	1.5982	     0
0.1599	     0	1.5991	     0
0.1600	     0	1.5999	     0
0.1601	     0	1.6007	     0
0.1602	     0	1.6016	     0
0.1602	     0	1.6024	     0
0.1603	     0	1.6032	     0
0.1604	     0	1.6041	     0
0.1605	     0	1.6049	     0
0.1606	     1	1.6057	     0
0.1607	     1	1.6065	     0
0.1607	     0	1.6074	     0
0.1608	     0	1.6082	     0
0.1609	     0	1.6090	     0
0.1610	     0	1.6099	     0
0.1611	     0	1.6107	     0
0.1612	     0	1.6115	     0
0.1612	     0	1.6124	     0
0.1613	     0	1.6132	     0
0.1614	     1	1.6140	     0
0.1615	     0	1.6148	     0
0.1616	     0	1.6157	     0
0.1617	     0	1.6165	     0
0.1617	     0	1.6173	     0
0.1618	     0	1.6182	     0
0.1619	     0	1.6190	     0
0.1620	     0	1.6198	     0
0.1621	     0	1.6207	     0
0.1621	     0	1.6215	     0
0.1622	     0	1.6223	     0
0.1623	     0	1.6231	     0
0.1624	     1	1.6240	     0
0.1625	     0	1.6248	     0
0.1626	     0	1.6256	     0
0.1626	     0	1.6265	     0
0.1627	     0	1.6273	     0
0.1628	     0	1.6281	     0
0.1629	     0	1.6290	     0
0.1630	     0	1.6298	     0
0.1631	     1	1.6306	     0
0.1631	     0	1.6314	     0
0.1632	     0	1.6323	     0
0.1633	     0	1.6331	     0
0.1634	     0	1.6339	     0
0.1635	     0	1.6348	     0
0.1636	     0	1.6356	     0
0.1636	     1	1.6364	     0
0.1637	     0	1.6373	     0
0.1638	     0	1.6381	     0
0.1639	     0	1.6389	     0
0.1640	     0	1.6397	     0
0.1641	     0	1.6406	     0
0.1641	     0	1.6414	     0
0.1642	     0	1.6422	     0
0.1643	     1	1.6431	     0
0.1644	     0	1.6439	     0
0.1645	     0	1.6447	     0
0.1646	     0	1.6456	     0
0.1646	     0	1.6464	     0
0.1647	     0	1.6472	     0
0.1648	     0	1.6480	     0
0.1649	     0	1.6489	     0
0.1650	     0	1.6497	     0
0.1651	     0	1.6505	     0
0.1651	     0	1.6514	     0
0.1652	     0	1.6522	     0
0.1653	     0	1.6530	     0
0.1654	     0	1.6539	     0
0.1655	     0	1.6547	     0
0.1656	     0	1.6555	     0
0.1656	     0	1.6563	     0
0.1657	     0	1.6572	     0
0.1658	     0	1.6580	     0
0.1659	     0	1.6588	     0
0.1660	     1	1.6597	     0
0.1660	     0	1.6605	     0
0.1661	     0	1.6613	     0
0.1662	     0	1.6622	     0
0.1663	     0	1.6630	     0
0.1664	     1	1.6638	     0
0.1665	     0	1.6646	     0
0.1665	     0	1.6655	     0
0.1666	     0	1.6663	     0
0.1667	     0	1.6671	     0
0.1668	     0	1.6680	     0
0.1669	     0	1.6688	     0
0.1670	     0	1.6696	     0
0.1670	     0	1.6705	     0
0.1671	     0	1.6713	     0
0.1672	     0	1.6721	     0
0.1673	     0	1.6729	     0
0.1674	     0	1.6738	     0
0.1675	     0	1.6746	     0
0.1675	     0	1.6754	     0
0.1676	     0	1.6763	     0
0.1677	     0	1.6771	     0
0.1678	     0	1.6779	     0
0.1679	     1	1.6788	     0
0.1680	     1	1.6796	     0
0.1680	     0	1.6804	     0
0.1681	     0	1.6812	     0
0.1682	     0	1.6821	     0
0.1683	     0	1.6829	     0
0.1684	     0	1.6837	     0
0.1685	     0	1.6846	     0
0.1685	     1	1.6854	     0
0.1686	     0	1.6862	     0
0.1687	     1	1.6871	     0
0.1688	     0	1.6879	     0
0.1689	     0	1.6887	     0
0.1690	     0	1.6896	     0
0.1690	     0	1.6904	     0
0.1691	     0	1.6912	     0
0.1692	     0	1.6920	     0
0.1693	     0	1.6929	     0
0.1694	     0	1.6937	     0
0.1695	     0	1.6945	     0
0.1695	     0	1.6954	     0
0.1696	     0	1.6962	     0
0.1697	     0	1.6970	     0
0.1698	     2	1.6979	     0
0.1699	     1	1.6987	     0
0.1700	     1	1.6995	     0
0.1700	     0	1.7003	     0
0.1701	     1	1.7012	     0
0.1702	     0	1.7020	     0
0.1703	     0	1.7028	     0
0.1704	     0	1.7037	     0
0.1704	     0	1.7045	     0
0.1705	     1	1.7053	     0
0.1706	     0	1.7062	     0
0.1707	     1	1.7070	     0
0.1708	     0	1.7078	     0
0.1709	     0	1.7086	     0
0.1709	     1	1.7095	     0
0.1710	     0	1.7103	     0
0.1711	     1	1.7111	     0
0.1712	     0	1.7120	     0
0.1713	     0	1.7128	     0
0.1714	     0	1.7136	     0
0.1714	     1	1.7145	     0
0.1715	     0	1.7153	     0
0.1716	     0	1.7161	     0
0.1717	     0	1.7169	     0
0.1718	     1	1.7178	     0
0.1719	     0	1.7186	     0
0.1719	     1	1.7194	     0
0.1720	     2	1.7203	     0
0.1721	     0	1.7211	     0
0.1722	     0	1.7219	     0
0.1723	     0	1.7228	     0
0.1724	     0	1.7236	     0
0.1724	     0	1.7244	     0
0.1725	     0	1.7252	     0
0.1726	     0	1.7261	     0
0.1727	     0	1.7269	     0
0.1728	     0	1.7277	     0
0.1729	     0	1.7286	     0
0.1729	     0	1.7294	     0
0.1730	     0	1.7302	     0
0.1731	     1	1.7311	     0
0.1732	     0	1.7319	     0
0.1733	     0	1.7327	     0
0.1734	     0	1.7335	     0
0.1734	     0	1.7344	     0
0.1735	     0	1.7352	     0
0.1736	     0	1.7360	     0
0.1737	     0	1.7369	     0
0.1738	     0	1.7377	     0
0.1739	     0	1.7385	     0
0.1739	     0	1.7394	     0
0.1740	     0	1.7402	     0
0.1741	     0	1.7410	     0
0.1742	     0	1.7418	     0
0.1743	     0	1.7427	     0
0.1744	     0	1.7435	     0
0.1744	     1	1.7443	     0
0.1745	     0	1.7452	     0
0.1746	     0	1.7460	     0
0.1747	     0	1.7468	     0
0.1748	     0	1.7477	     0
0.1748	     0	1.7485	     0
0.1749	     0	1.7493	     0
0.1750	     0	1.7501	     0
0.1751	     1	1.7510	     0
0.1752	     0	1.7518	     0
0.1753	     0	1.7526	     0
0.1753	     0	1.7535	     0
0.1754	     0	1.7543	     0
0.1755	     0	1.7551	     0
0.1756	     0	1.7560	     0
0.1757	     0	1.7568	     0
0.1758	     0	1.7576	     0
0.1758	     0	1.7584	     0
0.1759	     0	1.7593	     0
0.1760	     0	1.7601	     0
0.1761	     0	1.7609	     0
0.1762	     0	1.7618	     0
0.1763	     0	1.7626	     0
0.1763	     1	1.7634	     0
0.1764	     0	1.7643	     0
0.1765	     0	1.7651	     0
0.1766	     0	1.7659	     0
0.1767	     0	1.7667	     0
0.1768	     0	1.7676	     0
0.1768	     0	1.7684	     0
0.1769	     0	1.7692	     0
0.1770	     0	1.7701	     0
0.1771	     0	1.7709	     0
0.1772	     0	1.7717	     0
0.1773	     0	1.7726	     0
0.1773	     0	1.7734	     0
0.1774	     0	1.7742	     0
0.1775	     1	1.7750	     0
0.1776	     0	1.7759	     0
0.1777	     1	1.7767	     0
0.1778	     0	1.7775	     0
0.1778	     0	1.7784	     0
0.1779	     0	1.7792	     0
0.1780	     0	1.7800	     0
0.1781	     1	1.7809	     0
0.1782	     2	1.7817	     0
0.1783	     0	1.7825	     0
0.1783	     0	1.7833	     0
0.1784	     1	1.7842	     0
0.1785	     0	1.7850	     0
0.1786	     1	1.7858	     0
0.1787	     0	1.7867	     0
0.1788	     0	1.7875	     0
0.1788	     0	1.7883	     0
0.1789	     0	1.7892	     0
0.1790	     1	1.7900	     0
0.1791	     0	1.7908	     0
0.1792	     1	1.7917	     0
0.1792	     0	1.7925	     0
0.1793	     1	1.7933	     0
0.1794	     1	1.7941	     0
0.1795	     0	1.7950	     0
0.1796	     0	1.7958	     0
0.1797	     0	1.7966	     0
0.1797	     0	1.7975	     0
0.1798	     0	1.7983	     0
0.1799	     0	1.7991	     0
0.1800	     0	1.8000	     0
0.1801	     1	1.8008	     0
0.1802	     0	1.8016	     0
0.1802	     0	1.8024	     0
0.1803	     0	1.8033	     0
0.1804	     0	1.8041	     0
0.1805	     1	1.8049	     0
0.1806	     0	1.8058	     0
0.1807	     0	1.8066	     0
0.1807	     0	1.8074	     0
0.1808	     1	1.8083	     0
0.1809	     0	1.8091	     0
0.1810	     1	1.8099	     0
0.1811	     1	1.8107	     0
0.1812	     0	1.8116	     0
0.1812	     0	1.8124	     0
0.1813	     2	1.8132	     0
0.1814	     0	1.8141	     0
0.1815	     0	1.8149	     0
0.1816	     0	1.8157	     0
0.1817	     1	1.8166	     0
0.1817	     0	1.8174	     0
0.1818	     0	1.8182	     0
0.1819	     0	1.8190	     0
0.1820	     0	1.8199	     0
0.1821	     1	1.8207	     0
0.1822	     0	1.8215	     0
0.1822	     0	1.8224	     0
0.1823	     0	1.8232	     0
0.1824	     0	1.8240	     0
0.1825	     0	1.8249	     0
0.1826	     0	1.8257	     0
0.1827	     0	1.8265	     0
0.1827	     0	1.8273	     0
0.1828	     0	1.8282	     0
0.1829	     0	1.8290	     0
0.1830	     0	1.8298	     0
0.1831	     0	1.8307	     0
0.1831	     0	1.8315	     0
0.1832	     1	1.8323	     0
0.1833	     0	1.8332	     0
0.1834	     0	1.8340	     0
0.1835	     0	1.8348	     0
0.1836	     0	1.8356	     0
0.1836	     0	1.8365	     0
0.1837	     0	1.8373	     0
0.1838	     0	1.8381	     0
0.1839	     0	1.8390	     0
0.1840	     0	1.8398	     0
0.1841	     0	1.8406	     0
0.1841	     0	1.8415	     0
0.1842	     0	1.8423	     0
0.1843	     0	1.8431	     0
0.1844	     0	1.8439	     0
0.1845	     1	1.8448	     0
0.1846	     0	1.8456	     0
0.1846	     1	1.8464	     0
0.1847	     0	1.8473	     0
0.1848	     0	1.8481	     0
0.1849	     1	1.8489	     0
0.1850	     0	1.8498	     0
0.1851	     1	1.8506	     0
0.1851	     0	1.8514	     0
0.1852	     1	1.8522	     0
0.1853	     0	1.8531	     0
0.1854	     2	1.8539	     0
0.1855	     1	1.8547	     0
0.1856	     0	1.8556	     0
0.1856	     0	1.8564	     0
0.1857	     0	1.8572	     0
0.1858	     0	1.8581	     0
0.1859	     0	1.8589	     0
0.1860	     0	1.8597	     0
0.1861	     0	1.8605	     0
0.1861	     0	1.8614	     0
0.1862	     1	1.8622	     0
0.1863	     0	1.8630	     0
0.1864	     0	1.8639	     0
0.1865	     0	1.8647	     0
0.1866	     1	1.8655	     0
0.1866	     0	1.8664	     0
0.1867	     1	1.8672	     0
0.1868	     1	1.8680	     0
0.1869	     0	1.8688	     0
0.1870	     0	1.8697	     0
0.1871	     0	1.8705	     0
0.1871	     1	1.8713	     0
0.1872	     0	1.8722	     0
0.1873	     0	1.8730	     0
0.1874	     1	1.8738	     0
0.1875	     0	1.8747	     0
0.1875	     0	1.8755	     0
0.1876	     1	1.8763	     0
0.1877	     0	1.8771	     0
0.1878	     0	1.8780	     0
0.1879	     1	1.8788	     0
0.1880	     0	1.8796	     0
0.1880	     0	1.8805	     0
0.1881	     0	1.8813	     0
0.1882	     0	1.8821	     0
0.1883	     1	1.8830	     0
0.1884	     0	1.8838	     0
0.1885	     0	1.8846	     0
0.1885	     0	1.8854	     0
0.1886	     0	1.8863	     0
0.1887	     0	1.8871	     0
0.1888	     0	1.8879	     0
0.1889	     0	1.8888	     0
0.1890	     1	1.8896	     0
0.1890	     1	1.8904	     0
0.1891	     0	1.8913	     0
0.1892	     0	1.8921	     0
0.1893	     0	1.8929	     0
0.1894	     0	1.8938	     0
0.1895	     0	1.8946	     0
0.1895	     0	1.8954	     0
0.1896	     0	1.8962	     0
0.1897	     0	1.8971	     0
0.1898	     0	1.8979	     0
0.1899	     0	1.8987	     0
0.1900	     1	1.8996	     0
0.1900	     0	1.9004	     0
0.1901	     1	1.9012	     0
0.1902	     0	1.9021	     0
0.1903	     0	1.9029	     0
0.1904	     0	1.9037	     0
0.1905	     0	1.9045	     0
0.1905	     0	1.9054	     0
0.1906	     0	1.9062	     0
0.1907	     0	1.9070	     0
0.1908	     0	1.9079	     0
0.1909	     1	1.9087	     0
0.1910	     1	1.9095	     0
0.1910	     0	1.9104	     0
0.1911	     0	1.9112	     0
0.1912	     0	1.9120	     0
0.1913	     0	1.9128	     0
0.1914	     0	1.9137	     0
0.1915	     0	1.9145	     0
0.1915	     0	1.9153	     0
0.1916	     0	1.9162	     0
0.1917	     0	1.9170	     0
0.1918	     0	1.9178	     0
0.1919	     0	1.9187	     0
0.1919	     0	1.9195	     0
0.1920	     0	1.9203	     0
0.1921	     0	1.9211	     0
0.1922	     0	1.9220	     0
0.1923	     0	1.9228	     0
0.1924	     0	1.9236	     0
0.1924	     0	1.9245	     0
0.1925	     0	1.9253	     0
0.1926	     0	1.9261	     0
0.1927	     0	1.9270	     0
0.1928	     0	1.9278	     0
0.1929	     0	1.9286	     0
0.1929	     0	1.9294	     0
0.1930	     1	1.9303	     0
0.1931	     0	1.9311	     0
0.1932	     0	1.9319	     0
0.1933	     0	1.9328	     0
0.1934	     0	1.9336	     0
0.1934	     0	1.9344	     0
0.1935	     1	1.9353	     0
0.1936	     0	1.9361	     0
0.1937	     0	1.9369	     0
0.1938	     0	1.9377	     0
0.1939	     0	1.9386	     0
0.1939	     0	1.9394	     0
0.1940	     0	1.9402	     0
0.1941	     0	1.9411	     0
0.1942	     0	1.9419	     0
0.1943	     0	1.9427	     0
0.1944	     0	1.9436	     0
0.1944	     1	1.9444	     0
0.1945	     0	1.9452	     0
0.1946	     1	1.9460	     0
0.1947	     0	1.9469	     0
0.1948	     0	1.9477	     0
0.1949	     0	1.9485	     0
0.1949	     1	1.9494	     0
0.1950	     0	1.9502	     0
0.1951	     2	1.9510	     0
0.1952	     1	1.9519	     0
0.1953	     0	1.9527	     0
0.1954	     0	1.9535	     0
0.1954	     0	1.9543	     0
0.1955	     0	1.9552	     0
0.1956	     0	1.9560	     0
0.1957	     0	1.9568	     0
0.1958	     1	1.9577	     0
0.1958	     0	1.9585	     0
0.1959	     0	1.9593	     0
0.1960	     1	1.9602	     0
0.1961	     0	1.9610	     0
0.1962	     1	1.9618	     0
0.1963	     0	1.9626	     0
0.1963	     0	1.9635	     0
0.1964	     0	1.9643	     0
0.1965	     0	1.9651	     0
0.1966	     0	1.9660	     0
0.1967	     0	1.9668	     0
0.1968	     0	1.9676	     0
0.1968	     0	1.9685	     0
0.1969	     0	1.9693	     0
0.1970	     0	1.9701	     0
0.1971	     0	1.9709	     0
0.1972	     0	1.9718	     0
0.1973	     0	1.9726	     0
0.1973	     1	1.9734	     0
0.1974	     0	1.9743	     0
0.1975	     0	1.9751	     0
0.1976	     0	1.9759	     0
0.1977	     0	1.9768	     0
0.1978	     0	1.9776	     0
0.1978	     0	1.9784	     0
0.1979	     2	1.9792	     0
0.1980	     0	1.9801	     0
0.1981	     0	1.9809	     0
0.1982	     0	1.9817	     0
0.1983	     0	1.9826	     0
0.1983	     0	1.9834	     0
0.1984	     0	1.9842	     0
0.1985	     0	1.9851	     0
0.1986	     0	1.9859	     0
0.1987	     1	1.9867	     0
0.1988	     0	1.9875	     0
0.1988	     0	1.9884	     0
0.1989	     0	1.9892	     0
0.1990	     0	1.9900	     0
0.1991	     1	1.9909	     0
0.1992	     1	1.9917	     0
0.1993	     1	1.9925	     0
0.1993	     0	1.9934	     0
0.1994	     2	1.9942	     0
0.1995	     0	1.9950	     0
0.1996	     0	1.9958	     0
0.1997	     0	1.9967	     0
0.1998	     0	1.9975	     0
0.1998	     1	1.9983	     0
0.1999	     0	1.9992	     0
