01/26/2022 14:29:49
LT: 121.92

0.0300	    32	0.3000	     0
0.0301	    80	0.3008	     0
0.0302	    86	0.3017	     0
0.0302	    71	0.3025	     0
0.0303	    70	0.3033	     0
0.0304	    83	0.3042	     0
0.0305	    84	0.3050	     0
0.0306	    61	0.3058	     0
0.0307	    80	0.3066	     0
0.0307	    70	0.3075	     0
0.0308	    73	0.3083	     0
0.0309	    77	0.3091	     0
0.0310	    74	0.3100	     0
0.0311	   111	0.3108	     0
0.0312	    79	0.3116	     0
0.0312	    92	0.3125	     0
0.0313	    82	0.3133	     0
0.0314	    87	0.3141	     0
0.0315	    83	0.3149	     0
0.0316	    75	0.3158	     0
0.0317	    84	0.3166	     0
0.0317	    84	0.3174	     0
0.0318	    94	0.3183	     0
0.0319	    83	0.3191	     0
0.0320	    68	0.3199	     0
0.0321	    95	0.3208	     0
0.0322	    78	0.3216	     0
0.0322	   117	0.3224	     0
0.0323	    73	0.3232	     0
0.0324	    92	0.3241	     0
0.0325	    96	0.3249	     0
0.0326	    82	0.3257	     0
0.0327	    76	0.3266	     0
0.0327	    85	0.3274	     0
0.0328	    59	0.3282	     0
0.0329	    99	0.3291	     0
0.0330	    78	0.3299	     0
0.0331	    84	0.3307	     0
0.0332	    88	0.3315	     0
0.0332	    96	0.3324	     0
0.0333	    99	0.3332	     0
0.0334	    80	0.3340	     0
0.0335	    68	0.3349	     0
0.0336	    81	0.3357	     0
0.0337	    87	0.3365	     0
0.0337	    88	0.3374	     0
0.0338	    77	0.3382	     0
0.0339	    98	0.3390	     0
0.0340	    83	0.3398	     0
0.0341	    78	0.3407	     0
0.0342	    99	0.3415	     0
0.0342	   100	0.3423	     0
0.0343	    94	0.3432	     0
0.0344	    86	0.3440	     0
0.0345	    83	0.3448	     0
0.0346	    93	0.3457	     0
0.0346	    82	0.3465	     0
0.0347	    68	0.3473	     0
0.0348	    82	0.3481	     0
0.0349	    73	0.3490	     0
0.0350	    88	0.3498	     0
0.0351	    79	0.3506	     0
0.0351	    89	0.3515	     0
0.0352	    86	0.3523	     0
0.0353	    94	0.3531	     0
0.0354	    84	0.3540	     0
0.0355	    86	0.3548	     0
0.0356	    73	0.3556	     0
0.0356	    81	0.3564	     0
0.0357	    83	0.3573	     0
0.0358	    86	0.3581	     0
0.0359	    81	0.3589	     0
0.0360	    82	0.3598	     0
0.0361	    77	0.3606	     0
0.0361	    82	0.3614	     0
0.0362	    92	0.3623	     0
0.0363	    74	0.3631	     0
0.0364	    64	0.3639	     0
0.0365	    99	0.3647	     0
0.0366	    79	0.3656	     0
0.0366	    90	0.3664	     0
0.0367	    98	0.3672	     0
0.0368	    76	0.3681	     0
0.0369	    95	0.3689	     0
0.0370	    76	0.3697	     0
0.0371	    93	0.3706	     0
0.0371	    84	0.3714	     0
0.0372	    89	0.3722	     0
0.0373	    68	0.3730	     0
0.0374	    72	0.3739	     0
0.0375	    75	0.3747	     0
0.0376	    90	0.3755	     0
0.0376	    61	0.3764	     0
0.0377	    93	0.3772	     0
0.0378	    89	0.3780	     0
0.0379	    78	0.3789	     0
0.0380	    91	0.3797	     0
0.0381	    87	0.3805	     0
0.0381	    68	0.3813	     0
0.0382	    87	0.3822	     0
0.0383	    85	0.3830	     0
0.0384	    78	0.3838	     0
0.0385	    93	0.3847	     0
0.0385	    73	0.3855	     0
0.0386	    79	0.3863	     0
0.0387	    88	0.3872	     0
0.0388	    74	0.3880	     0
0.0389	    99	0.3888	     0
0.0390	    85	0.3896	     0
0.0390	    91	0.3905	     0
0.0391	    81	0.3913	     0
0.0392	    66	0.3921	     0
0.0393	    98	0.3930	     0
0.0394	    77	0.3938	     0
0.0395	    78	0.3946	     0
0.0395	   101	0.3955	     0
0.0396	    74	0.3963	     0
0.0397	    77	0.3971	     0
0.0398	    87	0.3979	     0
0.0399	    81	0.3988	     0
0.0400	    84	0.3996	     0
0.0400	    95	0.4004	     0
0.0401	    78	0.4013	     0
0.0402	    86	0.4021	     0
0.0403	    66	0.4029	     0
0.0404	    86	0.4038	     0
0.0405	    86	0.4046	     0
0.0405	    79	0.4054	     0
0.0406	    99	0.4063	     0
0.0407	    94	0.4071	     0
0.0408	    72	0.4079	     0
0.0409	    82	0.4087	     0
0.0410	    92	0.4096	     0
0.0410	    77	0.4104	     0
0.0411	    85	0.4112	     0
0.0412	    96	0.4121	     0
0.0413	    85	0.4129	     0
0.0414	    83	0.4137	     0
0.0415	    85	0.4146	     0
0.0415	    83	0.4154	     0
0.0416	    75	0.4162	     0
0.0417	    62	0.4170	     0
0.0418	    78	0.4179	     0
0.0419	    78	0.4187	     0
0.0420	    87	0.4195	     0
0.0420	    70	0.4204	     0
0.0421	    77	0.4212	     0
0.0422	    79	0.4220	     0
0.0423	   105	0.4229	     0
0.0424	    83	0.4237	     0
0.0425	    89	0.4245	     0
0.0425	    94	0.4253	     0
0.0426	    71	0.4262	     0
0.0427	    86	0.4270	     0
0.0428	    75	0.4278	     0
0.0429	    78	0.4287	     0
0.0429	    83	0.4295	     0
0.0430	    76	0.4303	     0
0.0431	    81	0.4312	     0
0.0432	    82	0.4320	     0
0.0433	    97	0.4328	     0
0.0434	    78	0.4336	     0
0.0434	    88	0.4345	     0
0.0435	    68	0.4353	     0
0.0436	    85	0.4361	     0
0.0437	    82	0.4370	     0
0.0438	    86	0.4378	     0
0.0439	   105	0.4386	     0
0.0439	    80	0.4395	     0
0.0440	    87	0.4403	     0
0.0441	    99	0.4411	     0
0.0442	    85	0.4419	     0
0.0443	    92	0.4428	     0
0.0444	    80	0.4436	     0
0.0444	    93	0.4444	     0
0.0445	    75	0.4453	     0
0.0446	    73	0.4461	     0
0.0447	    72	0.4469	     0
0.0448	    88	0.4478	     0
0.0449	    85	0.4486	     0
0.0449	    75	0.4494	     0
0.0450	    94	0.4502	     0
0.0451	    86	0.4511	     0
0.0452	   102	0.4519	     0
0.0453	    84	0.4527	     0
0.0454	    84	0.4536	     0
0.0454	    91	0.4544	     0
0.0455	    65	0.4552	     0
0.0456	    91	0.4561	     0
0.0457	    91	0.4569	     0
0.0458	    92	0.4577	     0
0.0459	    74	0.4585	     0
0.0459	    92	0.4594	     0
0.0460	    95	0.4602	     0
0.0461	    82	0.4610	     0
0.0462	    74	0.4619	     0
0.0463	    68	0.4627	     0
0.0464	   106	0.4635	     0
0.0464	    96	0.4644	     0
0.0465	    81	0.4652	     0
0.0466	    82	0.4660	     0
0.0467	    92	0.4668	     0
0.0468	    80	0.4677	     0
0.0469	    84	0.4685	     0
0.0469	    92	0.4693	     0
0.0470	    75	0.4702	     0
0.0471	    88	0.4710	     0
0.0472	    76	0.4718	     0
0.0473	    91	0.4727	     0
0.0473	    83	0.4735	     0
0.0474	    90	0.4743	     0
0.0475	    94	0.4751	     0
0.0476	    95	0.4760	     0
0.0477	    86	0.4768	     0
0.0478	    83	0.4776	     0
0.0478	    84	0.4785	     0
0.0479	    97	0.4793	     0
0.0480	    98	0.4801	     0
0.0481	    81	0.4810	     0
0.0482	   101	0.4818	     0
0.0483	   104	0.4826	     0
0.0483	   104	0.4834	     0
0.0484	    80	0.4843	     0
0.0485	    96	0.4851	     0
0.0486	    79	0.4859	     0
0.0487	   107	0.4868	     0
0.0488	    85	0.4876	     0
0.0488	   113	0.4884	     0
0.0489	    94	0.4893	     0
0.0490	   104	0.4901	     0
0.0491	   104	0.4909	     0
0.0492	    80	0.4917	     0
0.0493	    94	0.4926	     0
0.0493	    95	0.4934	     0
0.0494	   105	0.4942	     0
0.0495	   104	0.4951	     0
0.0496	   111	0.4959	     0
0.0497	    99	0.4967	     0
0.0498	    80	0.4976	     0
0.0498	    86	0.4984	     0
0.0499	    95	0.4992	     0
0.0500	    92	0.5000	     0
0.0501	   105	0.5009	     0
0.0502	    95	0.5017	     0
0.0503	   106	0.5025	     0
0.0503	   106	0.5034	     0
0.0504	    99	0.5042	     0
0.0505	   104	0.5050	     0
0.0506	    87	0.5059	     0
0.0507	   101	0.5067	     0
0.0508	   107	0.5075	     0
0.0508	    95	0.5083	     0
0.0509	   104	0.5092	     0
0.0510	    96	0.5100	     0
0.0511	   118	0.5108	     0
0.0512	   118	0.5117	     0
0.0513	   108	0.5125	     0
0.0513	    94	0.5133	     0
0.0514	   116	0.5142	     0
0.0515	   106	0.5150	     0
0.0516	   104	0.5158	     0
0.0517	    99	0.5167	     0
0.0517	    95	0.5175	     0
0.0518	   122	0.5183	     0
0.0519	   119	0.5191	     0
0.0520	   123	0.5200	     0
0.0521	   113	0.5208	     0
0.0522	   117	0.5216	     0
0.0522	   128	0.5225	     0
0.0523	    94	0.5233	     0
0.0524	   101	0.5241	     0
0.0525	   128	0.5250	     0
0.0526	   103	0.5258	     0
0.0527	   100	0.5266	     0
0.0527	    90	0.5274	     0
0.0528	   111	0.5283	     0
0.0529	   123	0.5291	     0
0.0530	   111	0.5299	     0
0.0531	   126	0.5308	     0
0.0532	   122	0.5316	     0
0.0532	   138	0.5324	     0
0.0533	   114	0.5333	     0
0.0534	   116	0.5341	     0
0.0535	   119	0.5349	     0
0.0536	   113	0.5357	     0
0.0537	   113	0.5366	     0
0.0537	   106	0.5374	     0
0.0538	   130	0.5382	     0
0.0539	    99	0.5391	     0
0.0540	   109	0.5399	     0
0.0541	   109	0.5407	     0
0.0542	   128	0.5416	     0
0.0542	   113	0.5424	     0
0.0543	   119	0.5432	     0
0.0544	   111	0.5440	     0
0.0545	   113	0.5449	     0
0.0546	   117	0.5457	     0
0.0547	   124	0.5465	     0
0.0547	   128	0.5474	     0
0.0548	   108	0.5482	     0
0.0549	    98	0.5490	     0
0.0550	   133	0.5499	     0
0.0551	    88	0.5507	     0
0.0552	   114	0.5515	     0
0.0552	   112	0.5523	     0
0.0553	   103	0.5532	     0
0.0554	   132	0.5540	     0
0.0555	   109	0.5548	     0
0.0556	   108	0.5557	     0
0.0556	   102	0.5565	     0
0.0557	   112	0.5573	     0
0.0558	   111	0.5582	     0
0.0559	    99	0.5590	     0
0.0560	   116	0.5598	     0
0.0561	   110	0.5606	     0
0.0561	   119	0.5615	     0
0.0562	   118	0.5623	     0
0.0563	   102	0.5631	     0
0.0564	   108	0.5640	     0
0.0565	    85	0.5648	     0
0.0566	   108	0.5656	     0
0.0566	    93	0.5665	     1
0.0567	    98	0.5673	     0
0.0568	   105	0.5681	     0
0.0569	   116	0.5689	     0
0.0570	   111	0.5698	     0
0.0571	   115	0.5706	     0
0.0571	   109	0.5714	     0
0.0572	   138	0.5723	     0
0.0573	   100	0.5731	     0
0.0574	   110	0.5739	     0
0.0575	   118	0.5748	     0
0.0576	   112	0.5756	     0
0.0576	   105	0.5764	     0
0.0577	   111	0.5772	     0
0.0578	    93	0.5781	     0
0.0579	    87	0.5789	     0
0.0580	   105	0.5797	     0
0.0581	   121	0.5806	     0
0.0581	   102	0.5814	     0
0.0582	    74	0.5822	     0
0.0583	   116	0.5831	     0
0.0584	    78	0.5839	     0
0.0585	   101	0.5847	     0
0.0586	    77	0.5855	     0
0.0586	    77	0.5864	     0
0.0587	    89	0.5872	     0
0.0588	    91	0.5880	     0
0.0589	    95	0.5889	     0
0.0590	   106	0.5897	     0
0.0591	    92	0.5905	     0
0.0591	    95	0.5914	     0
0.0592	    93	0.5922	     0
0.0593	    82	0.5930	     0
0.0594	   106	0.5938	     0
0.0595	    92	0.5947	     0
0.0596	    97	0.5955	     0
0.0596	    80	0.5963	     0
0.0597	    85	0.5972	     0
0.0598	    85	0.5980	     0
0.0599	    75	0.5988	     0
0.0600	    98	0.5997	     0
0.0600	   103	0.6005	     0
0.0601	    88	0.6013	     0
0.0602	    95	0.6021	     0
0.0603	    98	0.6030	     0
0.0604	    89	0.6038	     0
0.0605	    99	0.6046	     0
0.0605	    93	0.6055	     0
0.0606	    76	0.6063	     0
0.0607	    82	0.6071	     0
0.0608	    94	0.6080	     0
0.0609	    98	0.6088	     0
0.0610	    88	0.6096	     0
0.0610	    87	0.6104	     0
0.0611	    94	0.6113	     0
0.0612	    91	0.6121	     0
0.0613	    74	0.6129	     0
0.0614	    93	0.6138	     0
0.0615	   103	0.6146	     0
0.0615	    85	0.6154	     0
0.0616	   103	0.6163	     0
0.0617	    86	0.6171	     0
0.0618	    86	0.6179	     0
0.0619	    88	0.6187	     0
0.0620	    89	0.6196	     0
0.0620	    91	0.6204	     0
0.0621	    91	0.6212	     0
0.0622	    80	0.6221	     0
0.0623	    76	0.6229	     0
0.0624	    76	0.6237	     0
0.0625	    91	0.6246	     0
0.0625	    76	0.6254	     0
0.0626	    96	0.6262	     0
0.0627	    78	0.6271	     0
0.0628	    94	0.6279	     0
0.0629	    91	0.6287	     0
0.0630	    93	0.6295	     0
0.0630	   109	0.6304	     0
0.0631	    92	0.6312	     0
0.0632	    86	0.6320	     0
0.0633	    87	0.6329	     0
0.0634	    88	0.6337	     0
0.0635	    91	0.6345	     0
0.0635	    99	0.6354	     0
0.0636	    95	0.6362	     0
0.0637	    99	0.6370	     0
0.0638	    83	0.6378	     0
0.0639	    64	0.6387	     0
0.0640	    75	0.6395	     0
0.0640	    94	0.6403	     0
0.0641	    85	0.6412	     0
0.0642	    86	0.6420	     0
0.0643	    86	0.6428	     0
0.0644	    81	0.6437	     0
0.0644	    74	0.6445	     0
0.0645	    70	0.6453	     0
0.0646	    98	0.6461	     0
0.0647	    92	0.6470	     0
0.0648	    89	0.6478	     0
0.0649	    98	0.6486	     0
0.0649	   114	0.6495	     0
0.0650	    78	0.6503	     0
0.0651	    90	0.6511	     0
0.0652	    78	0.6520	     0
0.0653	    84	0.6528	     0
0.0654	    80	0.6536	     0
0.0654	    94	0.6544	     0
0.0655	    75	0.6553	     0
0.0656	    85	0.6561	     0
0.0657	    86	0.6569	     0
0.0658	    98	0.6578	     0
0.0659	    83	0.6586	     0
0.0659	    76	0.6594	     0
0.0660	    87	0.6603	     0
0.0661	    73	0.6611	     0
0.0662	    78	0.6619	     0
0.0663	    76	0.6627	     0
0.0664	    74	0.6636	     0
0.0664	    89	0.6644	     0
0.0665	    75	0.6652	     0
0.0666	    90	0.6661	     0
0.0667	    74	0.6669	     0
0.0668	    92	0.6677	     0
0.0669	    83	0.6686	     0
0.0669	    83	0.6694	     0
0.0670	    72	0.6702	     0
0.0671	    85	0.6710	     0
0.0672	    69	0.6719	     0
0.0673	    85	0.6727	     0
0.0674	    79	0.6735	     0
0.0674	    89	0.6744	     0
0.0675	    83	0.6752	     0
0.0676	    84	0.6760	     0
0.0677	    91	0.6769	     0
0.0678	    88	0.6777	     0
0.0679	    93	0.6785	     0
0.0679	    80	0.6793	     0
0.0680	    84	0.6802	     0
0.0681	    84	0.6810	     0
0.0682	    73	0.6818	     0
0.0683	    84	0.6827	     0
0.0683	    66	0.6835	     0
0.0684	    78	0.6843	     0
0.0685	    90	0.6852	     0
0.0686	    89	0.6860	     0
0.0687	    98	0.6868	     0
0.0688	    70	0.6876	     0
0.0688	    92	0.6885	     0
0.0689	    64	0.6893	     0
0.0690	    69	0.6901	     0
0.0691	    75	0.6910	     0
0.0692	    96	0.6918	     0
0.0693	    81	0.6926	     0
0.0693	    75	0.6935	     0
0.0694	    80	0.6943	     0
0.0695	    78	0.6951	     0
0.0696	    70	0.6959	     0
0.0697	    78	0.6968	     0
0.0698	    82	0.6976	     0
0.0698	    90	0.6984	     0
0.0699	    86	0.6993	     0
0.0700	    78	0.7001	     0
0.0701	    92	0.7009	     0
0.0702	    83	0.7018	     0
0.0703	    70	0.7026	     0
0.0703	    56	0.7034	     0
0.0704	    69	0.7042	     0
0.0705	    81	0.7051	     0
0.0706	    80	0.7059	     0
0.0707	    69	0.7067	     0
0.0708	    82	0.7076	     0
0.0708	    86	0.7084	     0
0.0709	    78	0.7092	     0
0.0710	    69	0.7101	     0
0.0711	    71	0.7109	     0
0.0712	    63	0.7117	     0
0.0713	    80	0.7125	     0
0.0713	    83	0.7134	     0
0.0714	    66	0.7142	     0
0.0715	    84	0.7150	     0
0.0716	    75	0.7159	     0
0.0717	    74	0.7167	     0
0.0718	    85	0.7175	     0
0.0718	    76	0.7184	     0
0.0719	    77	0.7192	     0
0.0720	    81	0.7200	     0
0.0721	    85	0.7208	     0
0.0722	    67	0.7217	     0
0.0723	    57	0.7225	     0
0.0723	    83	0.7233	     0
0.0724	    87	0.7242	     0
0.0725	    68	0.7250	     0
0.0726	    73	0.7258	     0
0.0727	    97	0.7267	     0
0.0727	    76	0.7275	     0
0.0728	    81	0.7283	     0
0.0729	    82	0.7292	     0
0.0730	    80	0.7300	     0
0.0731	    74	0.7308	     0
0.0732	    82	0.7316	     0
0.0732	    66	0.7325	     0
0.0733	    63	0.7333	     0
0.0734	    79	0.7341	     0
0.0735	    66	0.7350	     0
0.0736	    72	0.7358	     0
0.0737	    84	0.7366	     0
0.0737	    45	0.7375	     0
0.0738	    72	0.7383	     0
0.0739	    69	0.7391	     0
0.0740	    81	0.7399	     0
0.0741	    90	0.7408	     0
0.0742	    81	0.7416	     0
0.0742	    66	0.7424	     0
0.0743	    78	0.7433	     0
0.0744	    63	0.7441	     0
0.0745	    82	0.7449	     0
0.0746	    80	0.7458	     0
0.0747	    69	0.7466	     0
0.0747	    72	0.7474	     0
0.0748	    77	0.7482	     0
0.0749	    76	0.7491	     0
0.0750	    65	0.7499	     0
0.0751	    72	0.7507	     0
0.0752	    68	0.7516	     0
0.0752	    67	0.7524	     0
0.0753	    72	0.7532	     0
0.0754	    67	0.7541	     0
0.0755	    68	0.7549	     0
0.0756	    54	0.7557	     0
0.0757	    88	0.7565	     0
0.0757	    70	0.7574	     0
0.0758	    82	0.7582	     0
0.0759	    72	0.7590	     0
0.0760	    70	0.7599	     0
0.0761	    59	0.7607	     0
0.0762	    78	0.7615	     0
0.0762	    57	0.7624	     0
0.0763	    75	0.7632	     0
0.0764	    66	0.7640	     0
0.0765	    74	0.7648	     0
0.0766	    84	0.7657	     0
0.0767	    78	0.7665	     0
0.0767	    82	0.7673	     0
0.0768	    73	0.7682	     0
0.0769	    70	0.7690	     0
0.0770	    75	0.7698	     0
0.0771	    83	0.7707	     0
0.0771	    97	0.7715	     0
0.0772	    78	0.7723	     0
0.0773	    69	0.7731	     0
0.0774	    72	0.7740	     0
0.0775	    62	0.7748	     0
0.0776	    70	0.7756	     0
0.0776	    68	0.7765	     0
0.0777	    64	0.7773	     0
0.0778	    66	0.7781	     0
0.0779	    76	0.7790	     0
0.0780	    76	0.7798	     0
0.0781	    63	0.7806	     0
0.0781	    76	0.7814	     0
0.0782	    85	0.7823	     0
0.0783	    80	0.7831	     0
0.0784	    77	0.7839	     0
0.0785	    72	0.7848	     0
0.0786	    67	0.7856	     0
0.0786	    74	0.7864	     0
0.0787	    68	0.7873	     0
0.0788	    73	0.7881	     0
0.0789	    77	0.7889	     0
0.0790	    76	0.7897	     0
0.0791	    80	0.7906	     0
0.0791	    85	0.7914	     0
0.0792	    76	0.7922	     0
0.0793	    68	0.7931	     0
0.0794	    69	0.7939	     0
0.0795	    67	0.7947	     0
0.0796	    78	0.7956	     0
0.0796	    86	0.7964	     0
0.0797	    76	0.7972	     0
0.0798	    64	0.7980	     0
0.0799	    74	0.7989	     0
0.0800	    79	0.7997	     0
0.0801	    78	0.8005	     0
0.0801	    66	0.8014	     0
0.0802	    60	0.8022	     0
0.0803	    67	0.8030	     0
0.0804	    81	0.8039	     0
0.0805	    70	0.8047	     0
0.0806	    79	0.8055	     0
0.0806	    83	0.8063	     0
0.0807	    57	0.8072	     0
0.0808	    56	0.8080	     0
0.0809	    71	0.8088	     0
0.0810	    66	0.8097	     0
0.0810	    73	0.8105	     0
0.0811	    69	0.8113	     0
0.0812	    66	0.8122	     0
0.0813	    93	0.8130	     0
0.0814	    72	0.8138	     0
0.0815	    77	0.8146	     0
0.0815	    79	0.8155	     0
0.0816	    72	0.8163	     0
0.0817	    63	0.8171	     0
0.0818	    73	0.8180	     0
0.0819	    72	0.8188	     0
0.0820	    58	0.8196	     0
0.0820	    79	0.8205	     0
0.0821	    78	0.8213	     0
0.0822	    75	0.8221	     0
0.0823	    79	0.8229	     0
0.0824	    66	0.8238	     0
0.0825	    69	0.8246	     0
0.0825	    80	0.8254	     0
0.0826	    76	0.8263	     0
0.0827	    69	0.8271	     0
0.0828	    73	0.8279	     0
0.0829	    75	0.8288	     0
0.0830	    84	0.8296	     0
0.0830	    72	0.8304	     0
0.0831	    88	0.8313	     0
0.0832	    75	0.8321	     0
0.0833	    71	0.8329	     0
0.0834	    80	0.8337	     0
0.0835	    63	0.8346	     0
0.0835	    72	0.8354	     0
0.0836	    54	0.8362	     0
0.0837	    61	0.8371	     0
0.0838	    72	0.8379	     0
0.0839	    73	0.8387	     0
0.0840	    67	0.8396	     0
0.0840	    70	0.8404	     0
0.0841	    69	0.8412	     0
0.0842	    73	0.8420	     0
0.0843	    71	0.8429	     0
0.0844	    74	0.8437	     0
0.0845	    73	0.8445	     0
0.0845	    74	0.8454	     0
0.0846	    74	0.8462	     0
0.0847	    70	0.8470	     0
0.0848	    74	0.8479	     0
0.0849	    73	0.8487	     0
0.0850	    67	0.8495	     0
0.0850	    70	0.8503	     0
0.0851	    62	0.8512	     0
0.0852	    68	0.8520	     0
0.0853	    64	0.8528	     0
0.0854	    66	0.8537	     0
0.0854	    72	0.8545	     0
0.0855	    77	0.8553	     0
0.0856	    76	0.8562	     0
0.0857	    74	0.8570	     0
0.0858	    71	0.8578	     0
0.0859	    71	0.8586	     0
0.0859	    67	0.8595	     0
0.0860	    75	0.8603	     0
0.0861	    71	0.8611	     0
0.0862	    69	0.8620	     0
0.0863	    57	0.8628	     0
0.0864	    48	0.8636	     0
0.0864	    74	0.8645	     0
0.0865	    71	0.8653	     0
0.0866	    74	0.8661	     0
0.0867	    70	0.8669	     0
0.0868	    73	0.8678	     0
0.0869	    67	0.8686	     0
0.0869	    47	0.8694	     0
0.0870	    61	0.8703	     0
0.0871	    66	0.8711	     0
0.0872	    75	0.8719	     0
0.0873	    73	0.8728	     0
0.0874	    77	0.8736	     0
0.0874	    81	0.8744	     0
0.0875	    82	0.8752	     0
0.0876	    69	0.8761	     0
0.0877	    64	0.8769	     0
0.0878	    69	0.8777	     0
0.0879	    78	0.8786	     0
0.0879	    68	0.8794	     0
0.0880	    73	0.8802	     0
0.0881	    65	0.8811	     0
0.0882	    67	0.8819	     0
0.0883	    80	0.8827	     0
0.0884	    70	0.8835	     0
0.0884	    73	0.8844	     0
0.0885	    72	0.8852	     0
0.0886	    78	0.8860	     0
0.0887	    72	0.8869	     0
0.0888	    69	0.8877	     0
0.0889	    59	0.8885	     0
0.0889	    80	0.8894	     0
0.0890	    74	0.8902	     0
0.0891	    74	0.8910	     0
0.0892	    59	0.8918	     0
0.0893	    66	0.8927	     0
0.0894	    68	0.8935	     0
0.0894	    62	0.8943	     0
0.0895	    87	0.8952	     0
0.0896	    82	0.8960	     0
0.0897	    66	0.8968	     0
0.0898	    66	0.8977	     0
0.0898	    58	0.8985	     0
0.0899	    80	0.8993	     0
0.0900	    55	0.9001	     0
0.0901	    83	0.9010	     0
0.0902	    74	0.9018	     0
0.0903	    65	0.9026	     0
0.0903	    77	0.9035	     0
0.0904	    58	0.9043	     0
0.0905	    61	0.9051	     0
0.0906	    79	0.9060	     0
0.0907	    72	0.9068	     0
0.0908	    70	0.9076	     0
0.0908	    66	0.9084	     0
0.0909	    76	0.9093	     0
0.0910	    69	0.9101	     0
0.0911	    85	0.9109	     0
0.0912	    66	0.9118	     0
0.0913	    49	0.9126	     0
0.0913	    82	0.9134	     0
0.0914	    59	0.9143	     0
0.0915	    64	0.9151	     0
0.0916	    69	0.9159	     0
0.0917	    74	0.9167	     0
0.0918	    54	0.9176	     0
0.0918	    76	0.9184	     0
0.0919	    73	0.9192	     0
0.0920	    66	0.9201	     0
0.0921	    62	0.9209	     0
0.0922	    58	0.9217	     0
0.0923	    61	0.9226	     0
0.0923	    59	0.9234	     0
0.0924	    65	0.9242	     0
0.0925	    59	0.9250	     0
0.0926	    76	0.9259	     0
0.0927	    72	0.9267	     0
0.0928	    74	0.9275	     0
0.0928	    66	0.9284	     0
0.0929	    75	0.9292	     0
0.0930	    73	0.9300	     0
0.0931	    72	0.9309	     0
0.0932	    68	0.9317	     0
0.0933	    70	0.9325	     0
0.0933	    71	0.9333	     0
0.0934	    62	0.9342	     0
0.0935	    58	0.9350	     0
0.0936	    67	0.9358	     0
0.0937	    74	0.9367	     0
0.0938	    78	0.9375	     0
0.0938	    65	0.9383	     0
0.0939	    68	0.9392	     0
0.0940	    65	0.9400	     0
0.0941	    63	0.9408	     0
0.0942	    55	0.9417	     0
0.0942	    70	0.9425	     0
0.0943	    78	0.9433	     0
0.0944	    76	0.9441	     0
0.0945	    87	0.9450	     0
0.0946	    62	0.9458	     0
0.0947	    73	0.9466	     0
0.0947	    74	0.9475	     0
0.0948	    74	0.9483	     0
0.0949	    60	0.9491	     0
0.0950	    70	0.9500	     0
0.0951	    80	0.9508	     0
0.0952	    54	0.9516	     0
0.0952	    74	0.9524	     0
0.0953	    61	0.9533	     0
0.0954	    74	0.9541	     0
0.0955	    67	0.9549	     0
0.0956	    82	0.9558	     0
0.0957	    68	0.9566	     0
0.0957	    60	0.9574	     0
0.0958	    51	0.9583	     0
0.0959	    69	0.9591	     0
0.0960	    60	0.9599	     0
0.0961	    65	0.9607	     0
0.0962	    62	0.9616	     0
0.0962	    59	0.9624	     0
0.0963	    64	0.9632	     0
0.0964	    60	0.9641	     0
0.0965	    61	0.9649	     0
0.0966	    75	0.9657	     0
0.0967	    60	0.9666	     0
0.0967	    76	0.9674	     0
0.0968	    64	0.9682	     0
0.0969	    63	0.9690	     0
0.0970	    63	0.9699	     0
0.0971	    66	0.9707	     0
0.0972	    83	0.9715	     0
0.0972	    71	0.9724	     0
0.0973	    71	0.9732	     0
0.0974	    82	0.9740	     0
0.0975	    74	0.9749	     0
0.0976	    70	0.9757	     0
0.0977	    66	0.9765	     0
0.0977	    67	0.9773	     0
0.0978	    53	0.9782	     0
0.0979	    63	0.9790	     0
0.0980	    73	0.9798	     0
0.0981	    60	0.9807	     0
0.0981	    58	0.9815	     0
0.0982	    62	0.9823	     0
0.0983	    56	0.9832	     0
0.0984	    75	0.9840	     0
0.0985	    65	0.9848	     0
0.0986	    61	0.9856	     0
0.0986	    60	0.9865	     0
0.0987	    56	0.9873	     0
0.0988	    69	0.9881	     0
0.0989	    78	0.9890	     0
0.0990	    64	0.9898	     0
0.0991	    59	0.9906	     0
0.0991	    62	0.9915	     0
0.0992	    70	0.9923	     0
0.0993	    69	0.9931	     0
0.0994	    66	0.9939	     0
0.0995	    89	0.9948	     0
0.0996	    63	0.9956	     0
0.0996	    72	0.9964	     0
0.0997	    78	0.9973	     0
0.0998	    66	0.9981	     0
0.0999	    68	0.9989	     0
0.1000	    66	0.9998	     0
0.1001	    76	1.0006	     0
0.1001	    60	1.0014	     0
0.1002	    60	1.0022	     0
0.1003	    71	1.0031	     0
0.1004	    72	1.0039	     0
0.1005	    62	1.0047	     0
0.1006	    58	1.0056	     0
0.1006	    65	1.0064	     0
0.1007	    67	1.0072	     0
0.1008	    67	1.0081	     0
0.1009	    59	1.0089	     0
0.1010	    63	1.0097	     0
0.1011	    75	1.0105	     0
0.1011	    54	1.0114	     0
0.1012	    61	1.0122	     0
0.1013	    63	1.0130	     0
0.1014	    74	1.0139	     0
0.1015	    69	1.0147	     0
0.1016	    74	1.0155	     0
0.1016	    67	1.0164	     0
0.1017	    73	1.0172	     0
0.1018	    63	1.0180	     0
0.1019	    51	1.0188	     0
0.1020	    71	1.0197	     0
0.1021	    74	1.0205	     0
0.1021	    71	1.0213	     0
0.1022	    72	1.0222	     0
0.1023	    63	1.0230	     0
0.1024	    70	1.0238	     0
0.1025	    76	1.0247	     0
0.1025	    68	1.0255	     0
0.1026	    67	1.0263	     0
0.1027	    69	1.0271	     0
0.1028	    94	1.0280	     0
0.1029	    61	1.0288	     0
0.1030	    79	1.0296	     0
0.1030	    65	1.0305	     0
0.1031	    58	1.0313	     0
0.1032	    73	1.0321	     0
0.1033	    74	1.0330	     0
0.1034	    56	1.0338	     0
0.1035	    63	1.0346	     0
0.1035	    62	1.0354	     0
0.1036	    60	1.0363	     0
0.1037	    80	1.0371	     0
0.1038	    75	1.0379	     0
0.1039	    56	1.0388	     0
0.1040	    69	1.0396	     0
0.1040	    72	1.0404	     0
0.1041	    60	1.0413	     0
0.1042	    61	1.0421	     0
0.1043	    80	1.0429	     0
0.1044	    73	1.0438	     0
0.1045	    57	1.0446	     0
0.1045	    68	1.0454	     0
0.1046	    71	1.0462	     0
0.1047	    47	1.0471	     0
0.1048	    69	1.0479	     0
0.1049	    70	1.0487	     0
0.1050	    63	1.0496	     0
0.1050	    75	1.0504	     0
0.1051	    49	1.0512	     0
0.1052	    69	1.0521	     0
0.1053	    62	1.0529	     0
0.1054	    73	1.0537	     0
0.1055	    71	1.0545	     0
0.1055	    79	1.0554	     0
0.1056	    68	1.0562	     0
0.1057	    59	1.0570	     0
0.1058	    64	1.0579	     0
0.1059	    75	1.0587	     0
0.1060	    78	1.0595	     0
0.1060	    79	1.0604	     0
0.1061	    75	1.0612	     0
0.1062	    72	1.0620	     0
0.1063	    62	1.0628	     0
0.1064	    71	1.0637	     0
0.1065	    70	1.0645	     0
0.1065	    80	1.0653	     0
0.1066	    75	1.0662	     0
0.1067	    73	1.0670	     0
0.1068	    71	1.0678	     0
0.1069	    75	1.0687	     0
0.1069	    55	1.0695	     0
0.1070	    63	1.0703	     0
0.1071	    72	1.0711	     0
0.1072	    74	1.0720	     0
0.1073	    61	1.0728	     0
0.1074	    66	1.0736	     0
0.1074	    80	1.0745	     0
0.1075	    73	1.0753	     0
0.1076	    75	1.0761	     0
0.1077	    68	1.0770	     0
0.1078	    57	1.0778	     0
0.1079	    75	1.0786	     0
0.1079	    77	1.0794	     0
0.1080	    72	1.0803	     0
0.1081	    64	1.0811	     0
0.1082	    49	1.0819	     0
0.1083	    50	1.0828	     0
0.1084	    76	1.0836	     0
0.1084	    68	1.0844	     0
0.1085	    70	1.0853	     0
0.1086	    81	1.0861	     0
0.1087	    69	1.0869	     0
0.1088	    59	1.0877	     0
0.1089	    52	1.0886	     0
0.1089	    85	1.0894	     0
0.1090	    56	1.0902	     0
0.1091	    65	1.0911	     0
0.1092	    59	1.0919	     0
0.1093	    56	1.0927	     0
0.1094	    63	1.0936	     0
0.1094	    60	1.0944	     0
0.1095	    78	1.0952	     0
0.1096	    81	1.0960	     0
0.1097	    62	1.0969	     0
0.1098	    65	1.0977	     0
0.1099	    66	1.0985	     0
0.1099	    77	1.0994	     0
0.1100	    67	1.1002	     0
0.1101	    57	1.1010	     0
0.1102	    68	1.1019	     0
0.1103	    69	1.1027	     0
0.1104	    67	1.1035	     0
0.1104	    79	1.1043	     0
0.1105	    87	1.1052	     0
0.1106	    86	1.1060	     0
0.1107	    64	1.1068	     0
0.1108	    72	1.1077	     0
0.1108	    73	1.1085	     0
0.1109	    62	1.1093	     0
0.1110	    62	1.1102	     0
0.1111	    73	1.1110	     0
0.1112	    63	1.1118	     0
0.1113	    61	1.1126	     0
0.1113	    61	1.1135	     0
0.1114	    61	1.1143	     0
0.1115	    75	1.1151	     0
0.1116	    55	1.1160	     0
0.1117	    68	1.1168	     0
0.1118	    69	1.1176	     0
0.1118	    67	1.1185	     0
0.1119	    65	1.1193	     0
0.1120	    57	1.1201	     0
0.1121	    57	1.1209	     0
0.1122	    86	1.1218	     0
0.1123	    76	1.1226	     0
0.1123	    62	1.1234	     0
0.1124	    64	1.1243	     0
0.1125	    49	1.1251	     0
0.1126	    84	1.1259	     0
0.1127	    62	1.1268	     0
0.1128	    75	1.1276	     0
0.1128	    74	1.1284	     0
0.1129	    68	1.1292	     0
0.1130	    57	1.1301	     0
0.1131	    74	1.1309	     0
0.1132	    74	1.1317	     0
0.1133	    85	1.1326	     0
0.1133	    76	1.1334	     0
0.1134	    73	1.1342	     0
0.1135	    66	1.1351	     0
0.1136	    67	1.1359	     0
0.1137	    55	1.1367	     0
0.1138	    64	1.1375	     0
0.1138	    74	1.1384	     0
0.1139	    63	1.1392	     0
0.1140	    69	1.1400	     0
0.1141	    69	1.1409	     0
0.1142	    71	1.1417	     0
0.1143	    79	1.1425	     0
0.1143	    86	1.1434	     0
0.1144	    75	1.1442	     0
0.1145	    81	1.1450	     0
0.1146	    86	1.1458	     0
0.1147	    64	1.1467	     0
0.1148	    75	1.1475	     0
0.1148	    68	1.1483	     0
0.1149	    79	1.1492	     0
0.1150	    82	1.1500	     0
0.1151	    59	1.1508	     0
0.1152	    65	1.1517	     0
0.1152	    80	1.1525	     0
0.1153	    95	1.1533	     0
0.1154	    67	1.1542	     0
0.1155	    73	1.1550	     0
0.1156	    84	1.1558	     0
0.1157	    75	1.1566	     0
0.1157	    65	1.1575	     0
0.1158	    82	1.1583	     0
0.1159	    63	1.1591	     0
0.1160	    75	1.1600	     0
0.1161	    60	1.1608	     0
0.1162	    63	1.1616	     0
0.1162	    80	1.1625	     0
0.1163	    95	1.1633	     0
0.1164	    87	1.1641	     0
0.1165	    77	1.1649	     0
0.1166	    76	1.1658	     0
0.1167	    66	1.1666	     0
0.1167	    59	1.1674	     0
0.1168	    61	1.1683	     0
0.1169	    72	1.1691	     0
0.1170	    73	1.1699	     0
0.1171	    80	1.1708	     0
0.1172	    63	1.1716	     0
0.1172	    70	1.1724	     0
0.1173	    74	1.1732	     0
0.1174	    88	1.1741	     0
0.1175	    56	1.1749	     0
0.1176	    52	1.1757	     0
0.1177	    67	1.1766	     0
0.1177	    79	1.1774	     0
0.1178	    58	1.1782	     0
0.1179	    70	1.1791	     0
0.1180	    53	1.1799	     0
0.1181	    69	1.1807	     0
0.1182	    87	1.1815	     0
0.1182	    64	1.1824	     0
0.1183	    60	1.1832	     0
0.1184	    73	1.1840	     0
0.1185	    65	1.1849	     0
0.1186	    83	1.1857	     0
0.1187	    72	1.1865	     0
0.1187	    71	1.1874	     0
0.1188	    62	1.1882	     0
0.1189	    68	1.1890	     0
0.1190	    56	1.1898	     0
0.1191	    87	1.1907	     0
0.1192	    58	1.1915	     0
0.1192	    66	1.1923	     0
0.1193	    54	1.1932	     0
0.1194	    63	1.1940	     0
0.1195	    87	1.1948	     0
0.1196	    64	1.1957	     0
0.1196	    64	1.1965	     0
0.1197	    73	1.1973	     0
0.1198	    79	1.1981	     0
0.1199	    84	1.1990	     0
0.1200	    55	1.1998	     0
0.1201	    60	1.2006	     0
0.1201	    69	1.2015	     0
0.1202	    70	1.2023	     0
0.1203	    86	1.2031	     0
0.1204	    78	1.2040	     0
0.1205	    66	1.2048	     0
0.1206	    62	1.2056	     0
0.1206	    60	1.2064	     0
0.1207	    63	1.2073	     0
0.1208	    78	1.2081	     0
0.1209	    65	1.2089	     0
0.1210	    57	1.2098	     0
0.1211	    68	1.2106	     0
0.1211	    64	1.2114	     0
0.1212	    56	1.2123	     0
0.1213	    64	1.2131	     0
0.1214	    65	1.2139	     0
0.1215	    57	1.2147	     0
0.1216	    63	1.2156	     0
0.1216	    73	1.2164	     0
0.1217	    59	1.2172	     0
0.1218	    66	1.2181	     0
0.1219	    56	1.2189	     0
0.1220	    60	1.2197	     0
0.1221	    69	1.2206	     0
0.1221	    59	1.2214	     0
0.1222	    69	1.2222	     0
0.1223	    57	1.2230	     0
0.1224	    65	1.2239	     0
0.1225	    56	1.2247	     0
0.1226	    62	1.2255	     0
0.1226	    48	1.2264	     0
0.1227	    61	1.2272	     0
0.1228	    40	1.2280	     0
0.1229	    56	1.2289	     0
0.1230	    63	1.2297	     0
0.1231	    59	1.2305	     0
0.1231	    53	1.2313	     0
0.1232	    60	1.2322	     0
0.1233	    50	1.2330	     0
0.1234	    39	1.2338	     0
0.1235	    41	1.2347	     0
0.1235	    59	1.2355	     0
0.1236	    57	1.2363	     0
0.1237	    56	1.2372	     0
0.1238	    70	1.2380	     0
0.1239	    38	1.2388	     0
0.1240	    50	1.2396	     0
0.1240	    41	1.2405	     0
0.1241	    52	1.2413	     0
0.1242	    63	1.2421	     0
0.1243	    50	1.2430	     0
0.1244	    52	1.2438	     0
0.1245	    76	1.2446	     0
0.1245	    49	1.2455	     0
0.1246	    50	1.2463	     0
0.1247	    51	1.2471	     0
0.1248	    46	1.2479	     0
0.1249	    54	1.2488	     0
0.1250	    46	1.2496	     0
0.1250	    46	1.2504	     0
0.1251	    58	1.2513	     0
0.1252	    45	1.2521	     0
0.1253	    42	1.2529	     0
0.1254	    51	1.2538	     0
0.1255	    47	1.2546	     0
0.1255	    39	1.2554	     0
0.1256	    41	1.2562	     0
0.1257	    41	1.2571	     0
0.1258	    54	1.2579	     0
0.1259	    58	1.2587	     0
0.1260	    39	1.2596	     0
0.1260	    38	1.2604	     0
0.1261	    54	1.2612	     0
0.1262	    40	1.2621	     0
0.1263	    42	1.2629	     0
0.1264	    45	1.2637	     0
0.1265	    38	1.2646	     0
0.1265	    43	1.2654	     0
0.1266	    39	1.2662	     0
0.1267	    38	1.2670	     0
0.1268	    41	1.2679	     0
0.1269	    30	1.2687	     0
0.1270	    38	1.2695	     0
0.1270	    43	1.2704	     0
0.1271	    56	1.2712	     0
0.1272	    50	1.2720	     0
0.1273	    40	1.2729	     0
0.1274	    55	1.2737	     0
0.1275	    54	1.2745	     0
0.1275	    46	1.2753	     0
0.1276	    45	1.2762	     0
0.1277	    42	1.2770	     0
0.1278	    39	1.2778	     0
0.1279	    41	1.2787	     0
0.1279	    38	1.2795	     0
0.1280	    50	1.2803	     0
0.1281	    50	1.2812	     0
0.1282	    44	1.2820	     0
0.1283	    39	1.2828	     0
0.1284	    41	1.2836	     0
0.1284	    33	1.2845	     0
0.1285	    36	1.2853	     0
0.1286	    50	1.2861	     0
0.1287	    36	1.2870	     0
0.1288	    46	1.2878	     0
0.1289	    43	1.2886	     0
0.1289	    40	1.2895	     0
0.1290	    44	1.2903	     0
0.1291	    40	1.2911	     0
0.1292	    40	1.2919	     0
0.1293	    34	1.2928	     0
0.1294	    37	1.2936	     0
0.1294	    56	1.2944	     0
0.1295	    36	1.2953	     0
0.1296	    43	1.2961	     0
0.1297	    37	1.2969	     0
0.1298	    27	1.2978	     0
0.1299	    37	1.2986	     0
0.1299	    40	1.2994	     0
0.1300	    37	1.3002	     0
0.1301	    35	1.3011	     0
0.1302	    43	1.3019	     0
0.1303	    32	1.3027	     0
0.1304	    40	1.3036	     0
0.1304	    36	1.3044	     0
0.1305	    27	1.3052	     0
0.1306	    39	1.3061	     0
0.1307	    41	1.3069	     0
0.1308	    30	1.3077	     0
0.1309	    35	1.3085	     0
0.1309	    38	1.3094	     0
0.1310	    32	1.3102	     0
0.1311	    38	1.3110	     0
0.1312	    34	1.3119	     0
0.1313	    38	1.3127	     0
0.1314	    29	1.3135	     0
0.1314	    32	1.3144	     0
0.1315	    27	1.3152	     0
0.1316	    32	1.3160	     0
0.1317	    46	1.3168	     0
0.1318	    41	1.3177	     0
0.1319	    41	1.3185	     0
0.1319	    27	1.3193	     0
0.1320	    41	1.3202	     0
0.1321	    35	1.3210	     0
0.1322	    38	1.3218	     0
0.1323	    35	1.3227	     0
0.1323	    27	1.3235	     0
0.1324	    35	1.3243	     0
0.1325	    37	1.3251	     0
0.1326	    43	1.3260	     0
0.1327	    43	1.3268	     0
0.1328	    40	1.3276	     0
0.1328	    36	1.3285	     0
0.1329	    44	1.3293	     0
0.1330	    39	1.3301	     0
0.1331	    40	1.3310	     0
0.1332	    31	1.3318	     0
0.1333	    29	1.3326	     0
0.1333	    34	1.3334	     0
0.1334	    37	1.3343	     0
0.1335	    34	1.3351	     0
0.1336	    34	1.3359	     0
0.1337	    32	1.3368	     0
0.1338	    27	1.3376	     0
0.1338	    31	1.3384	     0
0.1339	    38	1.3393	     0
0.1340	    33	1.3401	     0
0.1341	    47	1.3409	     0
0.1342	    42	1.3417	     0
0.1343	    36	1.3426	     0
0.1343	    32	1.3434	     0
0.1344	    29	1.3442	     0
0.1345	    31	1.3451	     0
0.1346	    38	1.3459	     0
0.1347	    31	1.3467	     0
0.1348	    27	1.3476	     0
0.1348	    31	1.3484	     0
0.1349	    36	1.3492	     0
0.1350	    29	1.3500	     0
0.1351	    46	1.3509	     0
0.1352	    28	1.3517	     0
0.1353	    21	1.3525	     0
0.1353	    39	1.3534	     0
0.1354	    36	1.3542	     0
0.1355	    31	1.3550	     0
0.1356	    35	1.3559	     0
0.1357	    39	1.3567	     0
0.1358	    36	1.3575	     0
0.1358	    24	1.3583	     0
0.1359	    29	1.3592	     0
0.1360	    32	1.3600	     0
0.1361	    32	1.3608	     0
0.1362	    26	1.3617	     0
0.1363	    32	1.3625	     0
0.1363	    34	1.3633	     0
0.1364	    40	1.3642	     0
0.1365	    38	1.3650	     0
0.1366	    32	1.3658	     0
0.1367	    32	1.3667	     0
0.1367	    31	1.3675	     0
0.1368	    28	1.3683	     0
0.1369	    42	1.3691	     0
0.1370	    40	1.3700	     0
0.1371	    34	1.3708	     0
0.1372	    34	1.3716	     0
0.1372	    38	1.3725	     0
0.1373	    38	1.3733	     0
0.1374	    34	1.3741	     0
0.1375	    43	1.3750	     0
0.1376	    35	1.3758	     0
0.1377	    29	1.3766	     0
0.1377	    36	1.3774	     0
0.1378	    44	1.3783	     0
0.1379	    35	1.3791	     0
0.1380	    33	1.3799	     0
0.1381	    32	1.3808	     0
0.1382	    41	1.3816	     0
0.1382	    35	1.3824	     0
0.1383	    37	1.3833	     0
0.1384	    31	1.3841	     0
0.1385	    31	1.3849	     0
0.1386	    32	1.3857	     0
0.1387	    34	1.3866	     0
0.1387	    44	1.3874	     0
0.1388	    27	1.3882	     0
0.1389	    33	1.3891	     0
0.1390	    44	1.3899	     0
0.1391	    40	1.3907	     0
0.1392	    33	1.3916	     0
0.1392	    38	1.3924	     0
0.1393	    26	1.3932	     0
0.1394	    30	1.3940	     0
0.1395	    37	1.3949	     0
0.1396	    29	1.3957	     0
0.1397	    28	1.3965	     0
0.1397	    30	1.3974	     0
0.1398	    43	1.3982	     0
0.1399	    36	1.3990	     0
0.1400	    36	1.3999	     0
0.1401	    29	1.4007	     0
0.1402	    35	1.4015	     0
0.1402	    29	1.4023	     0
0.1403	    26	1.4032	     0
0.1404	    30	1.4040	     0
0.1405	    31	1.4048	     0
0.1406	    46	1.4057	     0
0.1406	    30	1.4065	     0
0.1407	    33	1.4073	     0
0.1408	    38	1.4082	     0
0.1409	    38	1.4090	     0
0.1410	    42	1.4098	     0
0.1411	    28	1.4106	     0
0.1411	    32	1.4115	     0
0.1412	    38	1.4123	     0
0.1413	    47	1.4131	     0
0.1414	    37	1.4140	     0
0.1415	    29	1.4148	     0
0.1416	    43	1.4156	     0
0.1416	    30	1.4165	     0
0.1417	    33	1.4173	     0
0.1418	    25	1.4181	     0
0.1419	    36	1.4189	     0
0.1420	    28	1.4198	     0
0.1421	    30	1.4206	     0
0.1421	    47	1.4214	     0
0.1422	    31	1.4223	     0
0.1423	    44	1.4231	     0
0.1424	    22	1.4239	     0
0.1425	    35	1.4248	     0
0.1426	    29	1.4256	     0
0.1426	    33	1.4264	     0
0.1427	    43	1.4272	     0
0.1428	    44	1.4281	     0
0.1429	    32	1.4289	     0
0.1430	    30	1.4297	     0
0.1431	    35	1.4306	     0
0.1431	    37	1.4314	     0
0.1432	    30	1.4322	     0
0.1433	    50	1.4331	     0
0.1434	    25	1.4339	     0
0.1435	    33	1.4347	     0
0.1436	    30	1.4355	     0
0.1436	    30	1.4364	     0
0.1437	    34	1.4372	     0
0.1438	    35	1.4380	     0
0.1439	    33	1.4389	     0
0.1440	    32	1.4397	     0
0.1441	    27	1.4405	     0
0.1441	    34	1.4414	     0
0.1442	    40	1.4422	     0
0.1443	    35	1.4430	     0
0.1444	    42	1.4438	     0
0.1445	    41	1.4447	     0
0.1446	    33	1.4455	     0
0.1446	    34	1.4463	     0
0.1447	    31	1.4472	     0
0.1448	    33	1.4480	     0
0.1449	    35	1.4488	     0
0.1450	    37	1.4497	     0
0.1450	    36	1.4505	     0
0.1451	    29	1.4513	     0
0.1452	    46	1.4521	     0
0.1453	    44	1.4530	     0
0.1454	    34	1.4538	     0
0.1455	    42	1.4546	     0
0.1455	    35	1.4555	     0
0.1456	    32	1.4563	     0
0.1457	    46	1.4571	     0
0.1458	    33	1.4580	     0
0.1459	    31	1.4588	     0
0.1460	    29	1.4596	     0
0.1460	    39	1.4604	     0
0.1461	    34	1.4613	     0
0.1462	    40	1.4621	     0
0.1463	    33	1.4629	     0
0.1464	    35	1.4638	     0
0.1465	    44	1.4646	     0
0.1465	    36	1.4654	     0
0.1466	    38	1.4663	     0
0.1467	    28	1.4671	     0
0.1468	    26	1.4679	     0
0.1469	    28	1.4688	     0
0.1470	    35	1.4696	     0
0.1470	    41	1.4704	     0
0.1471	    33	1.4712	     0
0.1472	    34	1.4721	     0
0.1473	    38	1.4729	     0
0.1474	    42	1.4737	     0
0.1475	    36	1.4746	     0
0.1475	    31	1.4754	     0
0.1476	    46	1.4762	     0
0.1477	    34	1.4771	     0
0.1478	    26	1.4779	     0
0.1479	    41	1.4787	     0
0.1480	    37	1.4795	     0
0.1480	    47	1.4804	     0
0.1481	    38	1.4812	     0
0.1482	    34	1.4820	     0
0.1483	    32	1.4829	     0
0.1484	    29	1.4837	     0
0.1485	    37	1.4845	     0
0.1485	    47	1.4854	     0
0.1486	    24	1.4862	     0
0.1487	    32	1.4870	     0
0.1488	    38	1.4878	     0
0.1489	    26	1.4887	     0
0.1490	    42	1.4895	     0
0.1490	    31	1.4903	     0
0.1491	    41	1.4912	     0
0.1492	    42	1.4920	     0
0.1493	    31	1.4928	     0
0.1494	    35	1.4937	     0
0.1494	    46	1.4945	     0
0.1495	    34	1.4953	     0
0.1496	    36	1.4961	     0
0.1497	    38	1.4970	     0
0.1498	    31	1.4978	     0
0.1499	    34	1.4986	     0
0.1499	    45	1.4995	     0
0.1500	    41	1.5003	     0
0.1501	    36	1.5011	     0
0.1502	    43	1.5020	     0
0.1503	    40	1.5028	     0
0.1504	    38	1.5036	     0
0.1504	    37	1.5044	     0
0.1505	    32	1.5053	     0
0.1506	    33	1.5061	     0
0.1507	    41	1.5069	     0
0.1508	    36	1.5078	     0
0.1509	    38	1.5086	     0
0.1509	    25	1.5094	     0
0.1510	    36	1.5103	     0
0.1511	    42	1.5111	     0
0.1512	    46	1.5119	     0
0.1513	    48	1.5127	     0
0.1514	    36	1.5136	     0
0.1514	    46	1.5144	     0
0.1515	    32	1.5152	     0
0.1516	    36	1.5161	     0
0.1517	    41	1.5169	     0
0.1518	    31	1.5177	     0
0.1519	    35	1.5186	     0
0.1519	    43	1.5194	     0
0.1520	    34	1.5202	     0
0.1521	    39	1.5210	     0
0.1522	    47	1.5219	     0
0.1523	    40	1.5227	     0
0.1524	    45	1.5235	     0
0.1524	    45	1.5244	     0
0.1525	    41	1.5252	     0
0.1526	    46	1.5260	     0
0.1527	    41	1.5269	     0
0.1528	    47	1.5277	     0
0.1529	    41	1.5285	     0
0.1529	    36	1.5293	     0
0.1530	    48	1.5302	     0
0.1531	    46	1.5310	     0
0.1532	    34	1.5318	     0
0.1533	    45	1.5327	     0
0.1533	    35	1.5335	     0
0.1534	    47	1.5343	     0
0.1535	    52	1.5352	     0
0.1536	    49	1.5360	     0
0.1537	    55	1.5368	     0
0.1538	    37	1.5376	     0
0.1538	    34	1.5385	     0
0.1539	    43	1.5393	     0
0.1540	    38	1.5401	     0
0.1541	    45	1.5410	     0
0.1542	    49	1.5418	     0
0.1543	    42	1.5426	     0
0.1543	    40	1.5435	     0
0.1544	    35	1.5443	     0
0.1545	    41	1.5451	     0
0.1546	    55	1.5459	     0
0.1547	    57	1.5468	     0
0.1548	    43	1.5476	     0
0.1548	    45	1.5484	     0
0.1549	    51	1.5493	     0
0.1550	    43	1.5501	     0
0.1551	    58	1.5509	     0
0.1552	    45	1.5518	     0
0.1553	    54	1.5526	     0
0.1553	    39	1.5534	     0
0.1554	    44	1.5542	     0
0.1555	    46	1.5551	     0
0.1556	    31	1.5559	     0
0.1557	    53	1.5567	     0
0.1558	    40	1.5576	     0
0.1558	    41	1.5584	     0
0.1559	    43	1.5592	     0
0.1560	    38	1.5601	     0
0.1561	    39	1.5609	     0
0.1562	    46	1.5617	     0
0.1563	    35	1.5625	     0
0.1563	    38	1.5634	     0
0.1564	    53	1.5642	     0
0.1565	    50	1.5650	     0
0.1566	    51	1.5659	     0
0.1567	    44	1.5667	     0
0.1568	    41	1.5675	     0
0.1568	    51	1.5684	     0
0.1569	    55	1.5692	     0
0.1570	    46	1.5700	     0
0.1571	    46	1.5708	     0
0.1572	    48	1.5717	     0
0.1573	    61	1.5725	     0
0.1573	    50	1.5733	     0
0.1574	    44	1.5742	     0
0.1575	    50	1.5750	     0
0.1576	    56	1.5758	     0
0.1577	    37	1.5767	     0
0.1577	    50	1.5775	     0
0.1578	    54	1.5783	     0
0.1579	    45	1.5792	     0
0.1580	    36	1.5800	     0
0.1581	    39	1.5808	     0
0.1582	    45	1.5816	     0
0.1582	    41	1.5825	     0
0.1583	    32	1.5833	     0
0.1584	    42	1.5841	     0
0.1585	    49	1.5850	     0
0.1586	    51	1.5858	     0
0.1587	    55	1.5866	     0
0.1587	    46	1.5875	     0
0.1588	    49	1.5883	     0
0.1589	    55	1.5891	     0
0.1590	    48	1.5899	     0
0.1591	    47	1.5908	     0
0.1592	    50	1.5916	     0
0.1592	    56	1.5924	     0
0.1593	    51	1.5933	     0
0.1594	    42	1.5941	     0
0.1595	    55	1.5949	     0
0.1596	    53	1.5958	     0
0.1597	    53	1.5966	     0
0.1597	    62	1.5974	     0
0.1598	    47	1.5982	     0
0.1599	    60	1.5991	     0
0.1600	    41	1.5999	     0
0.1601	    59	1.6007	     0
0.1602	    55	1.6016	     0
0.1602	    69	1.6024	     0
0.1603	    53	1.6032	     0
0.1604	    56	1.6041	     0
0.1605	    56	1.6049	     0
0.1606	    61	1.6057	     0
0.1607	    38	1.6065	     0
0.1607	    63	1.6074	     0
0.1608	    51	1.6082	     0
0.1609	    66	1.6090	     0
0.1610	    64	1.6099	     0
0.1611	    56	1.6107	     0
0.1612	    62	1.6115	     0
0.1612	    55	1.6124	     0
0.1613	    56	1.6132	     0
0.1614	    63	1.6140	     0
0.1615	    73	1.6148	     0
0.1616	    67	1.6157	     0
0.1617	    58	1.6165	     0
0.1617	    66	1.6173	     0
0.1618	    63	1.6182	     0
0.1619	    76	1.6190	     0
0.1620	    58	1.6198	     0
0.1621	    75	1.6207	     0
0.1621	    73	1.6215	     0
0.1622	    74	1.6223	     0
0.1623	    75	1.6231	     0
0.1624	    83	1.6240	     0
0.1625	    82	1.6248	     0
0.1626	    82	1.6256	     0
0.1626	    82	1.6265	     0
0.1627	    81	1.6273	     0
0.1628	    74	1.6281	     0
0.1629	   107	1.6290	     0
0.1630	    90	1.6298	     0
0.1631	    93	1.6306	     0
0.1631	    85	1.6314	     0
0.1632	    81	1.6323	     0
0.1633	    91	1.6331	     0
0.1634	   106	1.6339	     0
0.1635	    92	1.6348	     0
0.1636	   107	1.6356	     0
0.1636	   107	1.6364	     0
0.1637	   117	1.6373	     0
0.1638	   107	1.6381	     0
0.1639	    96	1.6389	     0
0.1640	    93	1.6397	     0
0.1641	   111	1.6406	     0
0.1641	    99	1.6414	     0
0.1642	   117	1.6422	     0
0.1643	   107	1.6431	     0
0.1644	   124	1.6439	     0
0.1645	   120	1.6447	     0
0.1646	   118	1.6456	     0
0.1646	   140	1.6464	     0
0.1647	   117	1.6472	     0
0.1648	   137	1.6480	     0
0.1649	   130	1.6489	     0
0.1650	   146	1.6497	     0
0.1651	   118	1.6505	     0
0.1651	   137	1.6514	     0
0.1652	   155	1.6522	     0
0.1653	   157	1.6530	     0
0.1654	   149	1.6539	     0
0.1655	   164	1.6547	     0
0.1656	   137	1.6555	     0
0.1656	   151	1.6563	     0
0.1657	   179	1.6572	     0
0.1658	   170	1.6580	     0
0.1659	   158	1.6588	     0
0.1660	   191	1.6597	     0
0.1660	   185	1.6605	     0
0.1661	   176	1.6613	     0
0.1662	   187	1.6622	     0
0.1663	   193	1.6630	     0
0.1664	   195	1.6638	     0
0.1665	   231	1.6646	     0
0.1665	   204	1.6655	     0
0.1666	   212	1.6663	     0
0.1667	   207	1.6671	     0
0.1668	   232	1.6680	     0
0.1669	   231	1.6688	     0
0.1670	   239	1.6696	     0
0.1670	   236	1.6705	     0
0.1671	   269	1.6713	     0
0.1672	   252	1.6721	     0
0.1673	   256	1.6729	     0
0.1674	   284	1.6738	     0
0.1675	   266	1.6746	     0
0.1675	   274	1.6754	     0
0.1676	   298	1.6763	     0
0.1677	   280	1.6771	     0
0.1678	   259	1.6779	     0
0.1679	   279	1.6788	     0
0.1680	   284	1.6796	     0
0.1680	   319	1.6804	     0
0.1681	   333	1.6812	     0
0.1682	   302	1.6821	     0
0.1683	   311	1.6829	     0
0.1684	   339	1.6837	     0
0.1685	   333	1.6846	     0
0.1685	   337	1.6854	     0
0.1686	   317	1.6862	     0
0.1687	   352	1.6871	     0
0.1688	   332	1.6879	     0
0.1689	   358	1.6887	     0
0.1690	   392	1.6896	     0
0.1690	   376	1.6904	     0
0.1691	   404	1.6912	     0
0.1692	   381	1.6920	     0
0.1693	   376	1.6929	     0
0.1694	   453	1.6937	     0
0.1695	   403	1.6945	     0
0.1695	   384	1.6954	     0
0.1696	   424	1.6962	     0
0.1697	   421	1.6970	     0
0.1698	   460	1.6979	     0
0.1699	   451	1.6987	     0
0.1700	   510	1.6995	     0
0.1700	   456	1.7003	     0
0.1701	   460	1.7012	     0
0.1702	   429	1.7020	     0
0.1703	   437	1.7028	     0
0.1704	   475	1.7037	     0
0.1704	   516	1.7045	     0
0.1705	   478	1.7053	     0
0.1706	   525	1.7062	     0
0.1707	   546	1.7070	     0
0.1708	   536	1.7078	     0
0.1709	   533	1.7086	     0
0.1709	   529	1.7095	     0
0.1710	   554	1.7103	     0
0.1711	   584	1.7111	     0
0.1712	   564	1.7120	     0
0.1713	   549	1.7128	     0
0.1714	   582	1.7136	     0
0.1714	   573	1.7145	     0
0.1715	   549	1.7153	     0
0.1716	   608	1.7161	     0
0.1717	   597	1.7169	     0
0.1718	   589	1.7178	     0
0.1719	   581	1.7186	     0
0.1719	   609	1.7194	     0
0.1720	   625	1.7203	     0
0.1721	   600	1.7211	     0
0.1722	   581	1.7219	     0
0.1723	   696	1.7228	     0
0.1724	   635	1.7236	     0
0.1724	   702	1.7244	     0
0.1725	   626	1.7252	     0
0.1726	   647	1.7261	     0
0.1727	   706	1.7269	     0
0.1728	   702	1.7277	     0
0.1729	   720	1.7286	     0
0.1729	   688	1.7294	     0
0.1730	   699	1.7302	     0
0.1731	   718	1.7311	     0
0.1732	   730	1.7319	     0
0.1733	   717	1.7327	     0
0.1734	   726	1.7335	     0
0.1734	   725	1.7344	     0
0.1735	   749	1.7352	     0
0.1736	   830	1.7360	     0
0.1737	   741	1.7369	     0
0.1738	   754	1.7377	     0
0.1739	   766	1.7385	     0
0.1739	   745	1.7394	     0
0.1740	   717	1.7402	     0
0.1741	   734	1.7410	     0
0.1742	   773	1.7418	     0
0.1743	   786	1.7427	     0
0.1744	   757	1.7435	     0
0.1744	   837	1.7443	     0
0.1745	   781	1.7452	     0
0.1746	   781	1.7460	     0
0.1747	   862	1.7468	     0
0.1748	   843	1.7477	     0
0.1748	   832	1.7485	     0
0.1749	   897	1.7493	     0
0.1750	   868	1.7501	     0
0.1751	   833	1.7510	     0
0.1752	   923	1.7518	     0
0.1753	   826	1.7526	     0
0.1753	   874	1.7535	     0
0.1754	   871	1.7543	     0
0.1755	   877	1.7551	     0
0.1756	   904	1.7560	     0
0.1757	   911	1.7568	     0
0.1758	   985	1.7576	     0
0.1758	   908	1.7584	     0
0.1759	   907	1.7593	     0
0.1760	   886	1.7601	     0
0.1761	   873	1.7609	     0
0.1762	   941	1.7618	     0
0.1763	   888	1.7626	     0
0.1763	   923	1.7634	     0
0.1764	   879	1.7643	     0
0.1765	   962	1.7651	     0
0.1766	   911	1.7659	     0
0.1767	   899	1.7667	     0
0.1768	   891	1.7676	     0
0.1768	   902	1.7684	     0
0.1769	   912	1.7692	     0
0.1770	   900	1.7701	     0
0.1771	   908	1.7709	     0
0.1772	   916	1.7717	     0
0.1773	   921	1.7726	     0
0.1773	   942	1.7734	     0
0.1774	   894	1.7742	     0
0.1775	   911	1.7750	     0
0.1776	   897	1.7759	     0
0.1777	   883	1.7767	     0
0.1778	   859	1.7775	     0
0.1778	   836	1.7784	     0
0.1779	   898	1.7792	     0
0.1780	   917	1.7800	     0
0.1781	   846	1.7809	     0
0.1782	   853	1.7817	     0
0.1783	   805	1.7825	     0
0.1783	   788	1.7833	     0
0.1784	   836	1.7842	     0
0.1785	   760	1.7850	     0
0.1786	   785	1.7858	     0
0.1787	   727	1.7867	     0
0.1788	   804	1.7875	     0
0.1788	   736	1.7883	     0
0.1789	   744	1.7892	     0
0.1790	   722	1.7900	     0
0.1791	   796	1.7908	     0
0.1792	   712	1.7917	     0
0.1792	   745	1.7925	     0
0.1793	   700	1.7933	     0
0.1794	   740	1.7941	     0
0.1795	   723	1.7950	     0
0.1796	   678	1.7958	     0
0.1797	   668	1.7966	     0
0.1797	   680	1.7975	     0
0.1798	   630	1.7983	     0
0.1799	   632	1.7991	     0
0.1800	   617	1.8000	     0
0.1801	   616	1.8008	     0
0.1802	   617	1.8016	     0
0.1802	   546	1.8024	     0
0.1803	   546	1.8033	     0
0.1804	   579	1.8041	     0
0.1805	   504	1.8049	     0
0.1806	   501	1.8058	     0
0.1807	   518	1.8066	     0
0.1807	   489	1.8074	     0
0.1808	   464	1.8083	     0
0.1809	   459	1.8091	     0
0.1810	   465	1.8099	     0
0.1811	   466	1.8107	     0
0.1812	   410	1.8116	     0
0.1812	   386	1.8124	     0
0.1813	   434	1.8132	     0
0.1814	   412	1.8141	     0
0.1815	   379	1.8149	     0
0.1816	   346	1.8157	     0
0.1817	   360	1.8166	     0
0.1817	   365	1.8174	     0
0.1818	   334	1.8182	     0
0.1819	   305	1.8190	     0
0.1820	   314	1.8199	     0
0.1821	   286	1.8207	     0
0.1822	   277	1.8215	     0
0.1822	   282	1.8224	     0
0.1823	   253	1.8232	     0
0.1824	   285	1.8240	     0
0.1825	   251	1.8249	     0
0.1826	   230	1.8257	     0
0.1827	   222	1.8265	     0
0.1827	   218	1.8273	     0
0.1828	   207	1.8282	     0
0.1829	   197	1.8290	     0
0.1830	   192	1.8298	     0
0.1831	   161	1.8307	     0
0.1831	   191	1.8315	     0
0.1832	   184	1.8323	     0
0.1833	   168	1.8332	     0
0.1834	   166	1.8340	     0
0.1835	   154	1.8348	     0
0.1836	   141	1.8356	     0
0.1836	   124	1.8365	     0
0.1837	   121	1.8373	     0
0.1838	   137	1.8381	     0
0.1839	   107	1.8390	     0
0.1840	   108	1.8398	     0
0.1841	   103	1.8406	     0
0.1841	   105	1.8415	     0
0.1842	   103	1.8423	     0
0.1843	    64	1.8431	     0
0.1844	    78	1.8439	     0
0.1845	    94	1.8448	     0
0.1846	    62	1.8456	     0
0.1846	    82	1.8464	     0
0.1847	    62	1.8473	     0
0.1848	    64	1.8481	     0
0.1849	    53	1.8489	     0
0.1850	    63	1.8498	     0
0.1851	    62	1.8506	     0
0.1851	    53	1.8514	     0
0.1852	    46	1.8522	     0
0.1853	    33	1.8531	     0
0.1854	    45	1.8539	     0
0.1855	    43	1.8547	     0
0.1856	    39	1.8556	     0
0.1856	    29	1.8564	     0
0.1857	    31	1.8572	     0
0.1858	    38	1.8581	     0
0.1859	    31	1.8589	     0
0.1860	    30	1.8597	     0
0.1861	    22	1.8605	     0
0.1861	    23	1.8614	     0
0.1862	    24	1.8622	     0
0.1863	    18	1.8630	     0
0.1864	    23	1.8639	     0
0.1865	    13	1.8647	     0
0.1866	    11	1.8655	     0
0.1866	    14	1.8664	     0
0.1867	    16	1.8672	     0
0.1868	     8	1.8680	     0
0.1869	    18	1.8688	     0
0.1870	    10	1.8697	     0
0.1871	    14	1.8705	     0
0.1871	    11	1.8713	     0
0.1872	     3	1.8722	     0
0.1873	     7	1.8730	     0
0.1874	    12	1.8738	     0
0.1875	     6	1.8747	     0
0.1875	    10	1.8755	     0
0.1876	     4	1.8763	     0
0.1877	     5	1.8771	     0
0.1878	     5	1.8780	     0
0.1879	     4	1.8788	     0
0.1880	     4	1.8796	     0
0.1880	     4	1.8805	     0
0.1881	     1	1.8813	     0
0.1882	     7	1.8821	     0
0.1883	     1	1.8830	     0
0.1884	     5	1.8838	     0
0.1885	     5	1.8846	     0
0.1885	     4	1.8854	     0
0.1886	     4	1.8863	     0
0.1887	     1	1.8871	     0
0.1888	     4	1.8879	     0
0.1889	     2	1.8888	     0
0.1890	     8	1.8896	     0
0.1890	     4	1.8904	     0
0.1891	     6	1.8913	     0
0.1892	     0	1.8921	     0
0.1893	     6	1.8929	     0
0.1894	     2	1.8938	     0
0.1895	     6	1.8946	     0
0.1895	     2	1.8954	     0
0.1896	     3	1.8962	     0
0.1897	     3	1.8971	     0
0.1898	     3	1.8979	     0
0.1899	     2	1.8987	     0
0.1900	     3	1.8996	     0
0.1900	     3	1.9004	     0
0.1901	     2	1.9012	     0
0.1902	     1	1.9021	     0
0.1903	     6	1.9029	     0
0.1904	     2	1.9037	     0
0.1905	     4	1.9045	     0
0.1905	     2	1.9054	     0
0.1906	     2	1.9062	     0
0.1907	     2	1.9070	     0
0.1908	     0	1.9079	     0
0.1909	     2	1.9087	     0
0.1910	     2	1.9095	     0
0.1910	     5	1.9104	     0
0.1911	     2	1.9112	     0
0.1912	     4	1.9120	     0
0.1913	     3	1.9128	     0
0.1914	     2	1.9137	     0
0.1915	     4	1.9145	     0
0.1915	     1	1.9153	     0
0.1916	     3	1.9162	     0
0.1917	     3	1.9170	     0
0.1918	     0	1.9178	     0
0.1919	     3	1.9187	     0
0.1919	     3	1.9195	     0
0.1920	     4	1.9203	     0
0.1921	     3	1.9211	     0
0.1922	     3	1.9220	     0
0.1923	     2	1.9228	     0
0.1924	     3	1.9236	     0
0.1924	     0	1.9245	     0
0.1925	     3	1.9253	     0
0.1926	     4	1.9261	     0
0.1927	     4	1.9270	     0
0.1928	     0	1.9278	     0
0.1929	     3	1.9286	     0
0.1929	     5	1.9294	     0
0.1930	     4	1.9303	     0
0.1931	     4	1.9311	     0
0.1932	     1	1.9319	     0
0.1933	     2	1.9328	     0
0.1934	     0	1.9336	     0
0.1934	     4	1.9344	     0
0.1935	     6	1.9353	     0
0.1936	     4	1.9361	     0
0.1937	     4	1.9369	     0
0.1938	     3	1.9377	     0
0.1939	     3	1.9386	     0
0.1939	     3	1.9394	     0
0.1940	     6	1.9402	     0
0.1941	     3	1.9411	     0
0.1942	     5	1.9419	     0
0.1943	     2	1.9427	     0
0.1944	     4	1.9436	     0
0.1944	     7	1.9444	     0
0.1945	     2	1.9452	     0
0.1946	     1	1.9460	     0
0.1947	     4	1.9469	     0
0.1948	     3	1.9477	     0
0.1949	     3	1.9485	     0
0.1949	     4	1.9494	     0
0.1950	     5	1.9502	     0
0.1951	     4	1.9510	     0
0.1952	     4	1.9519	     0
0.1953	     2	1.9527	     0
0.1954	     1	1.9535	     0
0.1954	     3	1.9543	     0
0.1955	     4	1.9552	     0
0.1956	     1	1.9560	     0
0.1957	     0	1.9568	     0
0.1958	     4	1.9577	     0
0.1958	     3	1.9585	     0
0.1959	     5	1.9593	     0
0.1960	     3	1.9602	     0
0.1961	     1	1.9610	     0
0.1962	     4	1.9618	     0
0.1963	     3	1.9626	     0
0.1963	     1	1.9635	     0
0.1964	     5	1.9643	     0
0.1965	     4	1.9651	     0
0.1966	     2	1.9660	     0
0.1967	     3	1.9668	     0
0.1968	     1	1.9676	     0
0.1968	     5	1.9685	     0
0.1969	     2	1.9693	     0
0.1970	     2	1.9701	     0
0.1971	     0	1.9709	     0
0.1972	     2	1.9718	     0
0.1973	     6	1.9726	     0
0.1973	     3	1.9734	     0
0.1974	     7	1.9743	     0
0.1975	     1	1.9751	     0
0.1976	     1	1.9759	     0
0.1977	     0	1.9768	     0
0.1978	     2	1.9776	     0
0.1978	     2	1.9784	     0
0.1979	     4	1.9792	     0
0.1980	     5	1.9801	     0
0.1981	     5	1.9809	     0
0.1982	     1	1.9817	     0
0.1983	     6	1.9826	     0
0.1983	     3	1.9834	     0
0.1984	     2	1.9842	     0
0.1985	     7	1.9851	     0
0.1986	     1	1.9859	     0
0.1987	     2	1.9867	     0
0.1988	     2	1.9875	     0
0.1988	     4	1.9884	     0
0.1989	     4	1.9892	     0
0.1990	     4	1.9900	     0
0.1991	     3	1.9909	     0
0.1992	     3	1.9917	     0
0.1993	     4	1.9925	     0
0.1993	     2	1.9934	     0
0.1994	     4	1.9942	     0
0.1995	     4	1.9950	     0
0.1996	     1	1.9958	     0
0.1997	     4	1.9967	     0
0.1998	     5	1.9975	     0
0.1998	     2	1.9983	     0
0.1999	     5	1.9992	     0
