01/26/2022 14:11:58
LT: 126.54

0.0300	    97	0.3000	     0
0.0301	   161	0.3008	     0
0.0302	   206	0.3017	     0
0.0302	   207	0.3025	     0
0.0303	   194	0.3033	     0
0.0304	   178	0.3042	     0
0.0305	   196	0.3050	     0
0.0306	   175	0.3058	     0
0.0307	   186	0.3066	     0
0.0307	   189	0.3075	     0
0.0308	   177	0.3083	     0
0.0309	   169	0.3091	     0
0.0310	   189	0.3100	     0
0.0311	   190	0.3108	     0
0.0312	   198	0.3116	     0
0.0312	   205	0.3125	     0
0.0313	   204	0.3133	     0
0.0314	   185	0.3141	     0
0.0315	   186	0.3149	     0
0.0316	   198	0.3158	     0
0.0317	   212	0.3166	     0
0.0317	   166	0.3174	     0
0.0318	   193	0.3183	     0
0.0319	   177	0.3191	     0
0.0320	   187	0.3199	     0
0.0321	   182	0.3208	     0
0.0322	   196	0.3216	     0
0.0322	   168	0.3224	     0
0.0323	   195	0.3232	     0
0.0324	   176	0.3241	     0
0.0325	   205	0.3249	     0
0.0326	   147	0.3257	     0
0.0327	   205	0.3266	     0
0.0327	   180	0.3274	     0
0.0328	   190	0.3282	     0
0.0329	   184	0.3291	     0
0.0330	   168	0.3299	     0
0.0331	   180	0.3307	     0
0.0332	   164	0.3315	     0
0.0332	   192	0.3324	     0
0.0333	   176	0.3332	     0
0.0334	   192	0.3340	     0
0.0335	   176	0.3349	     0
0.0336	   178	0.3357	     0
0.0337	   182	0.3365	     0
0.0337	   191	0.3374	     0
0.0338	   176	0.3382	     0
0.0339	   183	0.3390	     0
0.0340	   159	0.3398	     0
0.0341	   166	0.3407	     0
0.0342	   170	0.3415	     0
0.0342	   202	0.3423	     0
0.0343	   184	0.3432	     0
0.0344	   187	0.3440	     0
0.0345	   181	0.3448	     0
0.0346	   183	0.3457	     0
0.0346	   165	0.3465	     0
0.0347	   170	0.3473	     0
0.0348	   199	0.3481	     0
0.0349	   182	0.3490	     0
0.0350	   174	0.3498	     0
0.0351	   182	0.3506	     0
0.0351	   193	0.3515	     0
0.0352	   169	0.3523	     0
0.0353	   162	0.3531	     0
0.0354	   186	0.3540	     0
0.0355	   172	0.3548	     0
0.0356	   165	0.3556	     0
0.0356	   154	0.3564	     0
0.0357	   180	0.3573	     0
0.0358	   182	0.3581	     0
0.0359	   181	0.3589	     0
0.0360	   169	0.3598	     0
0.0361	   162	0.3606	     0
0.0361	   181	0.3614	     0
0.0362	   161	0.3623	     0
0.0363	   163	0.3631	     0
0.0364	   165	0.3639	     0
0.0365	   179	0.3647	     0
0.0366	   146	0.3656	     0
0.0366	   179	0.3664	     0
0.0367	   172	0.3672	     0
0.0368	   188	0.3681	     0
0.0369	   154	0.3689	     0
0.0370	   174	0.3697	     0
0.0371	   173	0.3706	     0
0.0371	   168	0.3714	     0
0.0372	   168	0.3722	     0
0.0373	   160	0.3730	     0
0.0374	   172	0.3739	     0
0.0375	   172	0.3747	     0
0.0376	   188	0.3755	     0
0.0376	   178	0.3764	     0
0.0377	   163	0.3772	     0
0.0378	   170	0.3780	     0
0.0379	   186	0.3789	     0
0.0380	   182	0.3797	     0
0.0381	   164	0.3805	     0
0.0381	   177	0.3813	     0
0.0382	   170	0.3822	     0
0.0383	   179	0.3830	     0
0.0384	   170	0.3838	     0
0.0385	   189	0.3847	     0
0.0385	   199	0.3855	     0
0.0386	   168	0.3863	     0
0.0387	   162	0.3872	     0
0.0388	   157	0.3880	     0
0.0389	   179	0.3888	     0
0.0390	   181	0.3896	     0
0.0390	   184	0.3905	     0
0.0391	   164	0.3913	     0
0.0392	   155	0.3921	     0
0.0393	   170	0.3930	     0
0.0394	   172	0.3938	     0
0.0395	   165	0.3946	     0
0.0395	   174	0.3955	     0
0.0396	   165	0.3963	     0
0.0397	   181	0.3971	     0
0.0398	   169	0.3979	     0
0.0399	   169	0.3988	     0
0.0400	   158	0.3996	     0
0.0400	   152	0.4004	     0
0.0401	   166	0.4013	     0
0.0402	   168	0.4021	     0
0.0403	   152	0.4029	     0
0.0404	   145	0.4038	     0
0.0405	   171	0.4046	     0
0.0405	   177	0.4054	     0
0.0406	   157	0.4063	     0
0.0407	   197	0.4071	     0
0.0408	   153	0.4079	     0
0.0409	   188	0.4087	     0
0.0410	   164	0.4096	     0
0.0410	   184	0.4104	     0
0.0411	   158	0.4112	     0
0.0412	   172	0.4121	     0
0.0413	   181	0.4129	     0
0.0414	   142	0.4137	     0
0.0415	   166	0.4146	     0
0.0415	   168	0.4154	     0
0.0416	   159	0.4162	     0
0.0417	   182	0.4170	     0
0.0418	   155	0.4179	     0
0.0419	   172	0.4187	     0
0.0420	   156	0.4195	     0
0.0420	   172	0.4204	     0
0.0421	   171	0.4212	     0
0.0422	   150	0.4220	     0
0.0423	   165	0.4229	     0
0.0424	   158	0.4237	     0
0.0425	   189	0.4245	     0
0.0425	   173	0.4253	     0
0.0426	   188	0.4262	     0
0.0427	   178	0.4270	     0
0.0428	   149	0.4278	     0
0.0429	   170	0.4287	     0
0.0429	   173	0.4295	     0
0.0430	   171	0.4303	     0
0.0431	   167	0.4312	     0
0.0432	   185	0.4320	     0
0.0433	   145	0.4328	     0
0.0434	   166	0.4336	     0
0.0434	   187	0.4345	     0
0.0435	   177	0.4353	     0
0.0436	   167	0.4361	     0
0.0437	   200	0.4370	     0
0.0438	   174	0.4378	     0
0.0439	   192	0.4386	     0
0.0439	   201	0.4395	     0
0.0440	   175	0.4403	     0
0.0441	   173	0.4411	     0
0.0442	   163	0.4419	     0
0.0443	   192	0.4428	     0
0.0444	   196	0.4436	     0
0.0444	   173	0.4444	     0
0.0445	   172	0.4453	     0
0.0446	   173	0.4461	     0
0.0447	   149	0.4469	     0
0.0448	   171	0.4478	     0
0.0449	   185	0.4486	     0
0.0449	   186	0.4494	     0
0.0450	   187	0.4502	     0
0.0451	   167	0.4511	     0
0.0452	   196	0.4519	     0
0.0453	   188	0.4527	     0
0.0454	   191	0.4536	     0
0.0454	   194	0.4544	     0
0.0455	   190	0.4552	     0
0.0456	   173	0.4561	     0
0.0457	   191	0.4569	     0
0.0458	   172	0.4577	     0
0.0459	   190	0.4585	     0
0.0459	   149	0.4594	     0
0.0460	   158	0.4602	     0
0.0461	   168	0.4610	     0
0.0462	   182	0.4619	     0
0.0463	   203	0.4627	     0
0.0464	   180	0.4635	     0
0.0464	   208	0.4644	     0
0.0465	   158	0.4652	     0
0.0466	   192	0.4660	     0
0.0467	   161	0.4668	     0
0.0468	   201	0.4677	     0
0.0469	   163	0.4685	     0
0.0469	   184	0.4693	     0
0.0470	   195	0.4702	     0
0.0471	   194	0.4710	     0
0.0472	   162	0.4718	     0
0.0473	   198	0.4727	     0
0.0473	   164	0.4735	     0
0.0474	   166	0.4743	     0
0.0475	   175	0.4751	     0
0.0476	   189	0.4760	     0
0.0477	   192	0.4768	     0
0.0478	   199	0.4776	     0
0.0478	   191	0.4785	     0
0.0479	   187	0.4793	     0
0.0480	   179	0.4801	     0
0.0481	   176	0.4810	     0
0.0482	   185	0.4818	     0
0.0483	   196	0.4826	     0
0.0483	   188	0.4834	     0
0.0484	   176	0.4843	     0
0.0485	   180	0.4851	     0
0.0486	   168	0.4859	     0
0.0487	   178	0.4868	     0
0.0488	   193	0.4876	     0
0.0488	   170	0.4884	     0
0.0489	   184	0.4893	     0
0.0490	   142	0.4901	     0
0.0491	   177	0.4909	     0
0.0492	   175	0.4917	     0
0.0493	   167	0.4926	     0
0.0493	   153	0.4934	     0
0.0494	   161	0.4942	     0
0.0495	   159	0.4951	     0
0.0496	   170	0.4959	     0
0.0497	   150	0.4967	     0
0.0498	   164	0.4976	     0
0.0498	   158	0.4984	     0
0.0499	   153	0.4992	     0
0.0500	   155	0.5000	     0
0.0501	   163	0.5009	     0
0.0502	   130	0.5017	     0
0.0503	   150	0.5025	     0
0.0503	   148	0.5034	     0
0.0504	   155	0.5042	     0
0.0505	   137	0.5050	     0
0.0506	   159	0.5059	     0
0.0507	   149	0.5067	     0
0.0508	   124	0.5075	     0
0.0508	   116	0.5083	     0
0.0509	   135	0.5092	     0
0.0510	   139	0.5100	     0
0.0511	   122	0.5108	     0
0.0512	   114	0.5117	     0
0.0513	   121	0.5125	     0
0.0513	   116	0.5133	     0
0.0514	   120	0.5142	     0
0.0515	   129	0.5150	     0
0.0516	   112	0.5158	     0
0.0517	   115	0.5167	     0
0.0517	    98	0.5175	     0
0.0518	   114	0.5183	     0
0.0519	   112	0.5191	     0
0.0520	   119	0.5200	     0
0.0521	   120	0.5208	     0
0.0522	   126	0.5216	     0
0.0522	   101	0.5225	     0
0.0523	   119	0.5233	     0
0.0524	   100	0.5241	     0
0.0525	   112	0.5250	     0
0.0526	   101	0.5258	     0
0.0527	   115	0.5266	     0
0.0527	   114	0.5274	     0
0.0528	   100	0.5283	     0
0.0529	   116	0.5291	     0
0.0530	    99	0.5299	     0
0.0531	    84	0.5308	     0
0.0532	   116	0.5316	     0
0.0532	   116	0.5324	     0
0.0533	   107	0.5333	     0
0.0534	    88	0.5341	     0
0.0535	    95	0.5349	     0
0.0536	    97	0.5357	     0
0.0537	    95	0.5366	     0
0.0537	    96	0.5374	     0
0.0538	    89	0.5382	     0
0.0539	   100	0.5391	     0
0.0540	    96	0.5399	     0
0.0541	    85	0.5407	     0
0.0542	   100	0.5416	     0
0.0542	    89	0.5424	     0
0.0543	   100	0.5432	     0
0.0544	   101	0.5440	     0
0.0545	    83	0.5449	     0
0.0546	    67	0.5457	     0
0.0547	    79	0.5465	     0
0.0547	    86	0.5474	     0
0.0548	    88	0.5482	     0
0.0549	    90	0.5490	     0
0.0550	    83	0.5499	     0
0.0551	    89	0.5507	     0
0.0552	    87	0.5515	     0
0.0552	    96	0.5523	     0
0.0553	   102	0.5532	     0
0.0554	    83	0.5540	     0
0.0555	    79	0.5548	     0
0.0556	   105	0.5557	     0
0.0556	    87	0.5565	     0
0.0557	   101	0.5573	     0
0.0558	    89	0.5582	     0
0.0559	    72	0.5590	     0
0.0560	    95	0.5598	     0
0.0561	    87	0.5606	     0
0.0561	    86	0.5615	     0
0.0562	    82	0.5623	     0
0.0563	    93	0.5631	     0
0.0564	    84	0.5640	     0
0.0565	   107	0.5648	     0
0.0566	    90	0.5656	     0
0.0566	   109	0.5665	     0
0.0567	    87	0.5673	     0
0.0568	    98	0.5681	     0
0.0569	   103	0.5689	     0
0.0570	    93	0.5698	     0
0.0571	    80	0.5706	     0
0.0571	    85	0.5714	     0
0.0572	    79	0.5723	     0
0.0573	    99	0.5731	     0
0.0574	    87	0.5739	     0
0.0575	    93	0.5748	     0
0.0576	    89	0.5756	     0
0.0576	    73	0.5764	     0
0.0577	    92	0.5772	     0
0.0578	    88	0.5781	     0
0.0579	   105	0.5789	     0
0.0580	   105	0.5797	     0
0.0581	    82	0.5806	     0
0.0581	    86	0.5814	     0
0.0582	    79	0.5822	     0
0.0583	    83	0.5831	     0
0.0584	    86	0.5839	     0
0.0585	    88	0.5847	     0
0.0586	    97	0.5855	     0
0.0586	    91	0.5864	     0
0.0587	    78	0.5872	     0
0.0588	    83	0.5880	     0
0.0589	    69	0.5889	     0
0.0590	    86	0.5897	     0
0.0591	   100	0.5905	     0
0.0591	    82	0.5914	     0
0.0592	    96	0.5922	     0
0.0593	    88	0.5930	     0
0.0594	    99	0.5938	     0
0.0595	    77	0.5947	     0
0.0596	    89	0.5955	     0
0.0596	   102	0.5963	     0
0.0597	    87	0.5972	     0
0.0598	    77	0.5980	     0
0.0599	    95	0.5988	     0
0.0600	    86	0.5997	     0
0.0600	    94	0.6005	     0
0.0601	    92	0.6013	     0
0.0602	    79	0.6021	     0
0.0603	    86	0.6030	     0
0.0604	    91	0.6038	     0
0.0605	   105	0.6046	     0
0.0605	    78	0.6055	     0
0.0606	   100	0.6063	     0
0.0607	    88	0.6071	     0
0.0608	    90	0.6080	     0
0.0609	    95	0.6088	     0
0.0610	   106	0.6096	     0
0.0610	    95	0.6104	     0
0.0611	    93	0.6113	     0
0.0612	    86	0.6121	     0
0.0613	   101	0.6129	     0
0.0614	   103	0.6138	     0
0.0615	    90	0.6146	     0
0.0615	   103	0.6154	     0
0.0616	    90	0.6163	     0
0.0617	    84	0.6171	     0
0.0618	   108	0.6179	     0
0.0619	    86	0.6187	     0
0.0620	   109	0.6196	     0
0.0620	    92	0.6204	     0
0.0621	   103	0.6212	     0
0.0622	   109	0.6221	     0
0.0623	    94	0.6229	     0
0.0624	   101	0.6237	     0
0.0625	    90	0.6246	     0
0.0625	   120	0.6254	     0
0.0626	   111	0.6262	     0
0.0627	   106	0.6271	     0
0.0628	    94	0.6279	     0
0.0629	   100	0.6287	     0
0.0630	   115	0.6295	     0
0.0630	   104	0.6304	     0
0.0631	   112	0.6312	     0
0.0632	    97	0.6320	     0
0.0633	   114	0.6329	     0
0.0634	   105	0.6337	     0
0.0635	    97	0.6345	     0
0.0635	   103	0.6354	     0
0.0636	   119	0.6362	     0
0.0637	   102	0.6370	     0
0.0638	    95	0.6378	     0
0.0639	    90	0.6387	     0
0.0640	   111	0.6395	     0
0.0640	    86	0.6403	     0
0.0641	   123	0.6412	     0
0.0642	   118	0.6420	     0
0.0643	    96	0.6428	     0
0.0644	   100	0.6437	     0
0.0644	   104	0.6445	     0
0.0645	   105	0.6453	     0
0.0646	   122	0.6461	     0
0.0647	   130	0.6470	     0
0.0648	   114	0.6478	     0
0.0649	   127	0.6486	     0
0.0649	   125	0.6495	     0
0.0650	   103	0.6503	     0
0.0651	   110	0.6511	     0
0.0652	   139	0.6520	     0
0.0653	   142	0.6528	     0
0.0654	   139	0.6536	     0
0.0654	   136	0.6544	     0
0.0655	   137	0.6553	     0
0.0656	   142	0.6561	     0
0.0657	   161	0.6569	     0
0.0658	   166	0.6578	     0
0.0659	   156	0.6586	     0
0.0659	   156	0.6594	     0
0.0660	   161	0.6603	     0
0.0661	   190	0.6611	     0
0.0662	   202	0.6619	     0
0.0663	   193	0.6627	     0
0.0664	   222	0.6636	     0
0.0664	   185	0.6644	     0
0.0665	   194	0.6652	     0
0.0666	   218	0.6661	     0
0.0667	   206	0.6669	     0
0.0668	   259	0.6677	     0
0.0669	   293	0.6686	     0
0.0669	   265	0.6694	     0
0.0670	   260	0.6702	     0
0.0671	   313	0.6710	     0
0.0672	   319	0.6719	     0
0.0673	   323	0.6727	     0
0.0674	   380	0.6735	     0
0.0674	   375	0.6744	     0
0.0675	   388	0.6752	     0
0.0676	   399	0.6760	     0
0.0677	   422	0.6769	     0
0.0678	   467	0.6777	     0
0.0679	   470	0.6785	     0
0.0679	   499	0.6793	     0
0.0680	   504	0.6802	     0
0.0681	   512	0.6810	     0
0.0682	   544	0.6818	     0
0.0683	   605	0.6827	     0
0.0683	   663	0.6835	     0
0.0684	   669	0.6843	     0
0.0685	   704	0.6852	     0
0.0686	   729	0.6860	     0
0.0687	   750	0.6868	     0
0.0688	   802	0.6876	     0
0.0688	   800	0.6885	     0
0.0689	   847	0.6893	     0
0.0690	   958	0.6901	     0
0.0691	   886	0.6910	     0
0.0692	   982	0.6918	     0
0.0693	  1037	0.6926	     0
0.0693	  1026	0.6935	     0
0.0694	  1156	0.6943	     0
0.0695	  1143	0.6951	     0
0.0696	  1182	0.6959	     0
0.0697	  1225	0.6968	     0
0.0698	  1252	0.6976	     0
0.0698	  1239	0.6984	     0
0.0699	  1379	0.6993	     0
0.0700	  1405	0.7001	     0
0.0701	  1486	0.7009	     0
0.0702	  1508	0.7018	     0
0.0703	  1542	0.7026	     0
0.0703	  1516	0.7034	     0
0.0704	  1499	0.7042	     0
0.0705	  1645	0.7051	     0
0.0706	  1640	0.7059	     0
0.0707	  1698	0.7067	     0
0.0708	  1806	0.7076	     0
0.0708	  1726	0.7084	     0
0.0709	  1814	0.7092	     0
0.0710	  1793	0.7101	     0
0.0711	  1865	0.7109	     0
0.0712	  1821	0.7117	     0
0.0713	  1879	0.7125	     0
0.0713	  1901	0.7134	     0
0.0714	  1915	0.7142	     0
0.0715	  1953	0.7150	     0
0.0716	  1948	0.7159	     0
0.0717	  1885	0.7167	     0
0.0718	  1951	0.7175	     0
0.0718	  1983	0.7184	     0
0.0719	  1898	0.7192	     0
0.0720	  1982	0.7200	     0
0.0721	  1842	0.7208	     0
0.0722	  1999	0.7217	     0
0.0723	  1971	0.7225	     0
0.0723	  1869	0.7233	     0
0.0724	  1907	0.7242	     0
0.0725	  1824	0.7250	     0
0.0726	  1907	0.7258	     0
0.0727	  1850	0.7267	     0
0.0727	  1778	0.7275	     0
0.0728	  1844	0.7283	     0
0.0729	  1637	0.7292	     0
0.0730	  1716	0.7300	     0
0.0731	  1702	0.7308	     0
0.0732	  1686	0.7316	     0
0.0732	  1589	0.7325	     0
0.0733	  1580	0.7333	     0
0.0734	  1530	0.7341	     0
0.0735	  1446	0.7350	     0
0.0736	  1470	0.7358	     0
0.0737	  1366	0.7366	     0
0.0737	  1343	0.7375	     0
0.0738	  1271	0.7383	     0
0.0739	  1203	0.7391	     0
0.0740	  1258	0.7399	     0
0.0741	  1117	0.7408	     0
0.0742	  1076	0.7416	     0
0.0742	  1002	0.7424	     0
0.0743	  1036	0.7433	     0
0.0744	   980	0.7441	     0
0.0745	   954	0.7449	     0
0.0746	   914	0.7458	     0
0.0747	   865	0.7466	     0
0.0747	   824	0.7474	     0
0.0748	   799	0.7482	     0
0.0749	   697	0.7491	     0
0.0750	   645	0.7499	     0
0.0751	   618	0.7507	     0
0.0752	   616	0.7516	     0
0.0752	   594	0.7524	     0
0.0753	   534	0.7532	     0
0.0754	   466	0.7541	     0
0.0755	   492	0.7549	     0
0.0756	   452	0.7557	     0
0.0757	   398	0.7565	     0
0.0757	   382	0.7574	     0
0.0758	   335	0.7582	     0
0.0759	   358	0.7590	     0
0.0760	   341	0.7599	     0
0.0761	   294	0.7607	     0
0.0762	   280	0.7615	     0
0.0762	   226	0.7624	     0
0.0763	   200	0.7632	     0
0.0764	   220	0.7640	     0
0.0765	   217	0.7648	     0
0.0766	   185	0.7657	     0
0.0767	   166	0.7665	     0
0.0767	   142	0.7673	     0
0.0768	   123	0.7682	     0
0.0769	   121	0.7690	     0
0.0770	   106	0.7698	     0
0.0771	    97	0.7707	     0
0.0771	   127	0.7715	     0
0.0772	    77	0.7723	     0
0.0773	    61	0.7731	     0
0.0774	    67	0.7740	     0
0.0775	    58	0.7748	     0
0.0776	    63	0.7756	     0
0.0776	    54	0.7765	     0
0.0777	    45	0.7773	     0
0.0778	    37	0.7781	     0
0.0779	    47	0.7790	     0
0.0780	    24	0.7798	     0
0.0781	    35	0.7806	     0
0.0781	    28	0.7814	     0
0.0782	    18	0.7823	     0
0.0783	    29	0.7831	     0
0.0784	    14	0.7839	     0
0.0785	    20	0.7848	     0
0.0786	    18	0.7856	     0
0.0786	    21	0.7864	     0
0.0787	    13	0.7873	     0
0.0788	     9	0.7881	     0
0.0789	    13	0.7889	     0
0.0790	    10	0.7897	     0
0.0791	    10	0.7906	     0
0.0791	    12	0.7914	     0
0.0792	     4	0.7922	     0
0.0793	     7	0.7931	     0
0.0794	    12	0.7939	     0
0.0795	     4	0.7947	     0
0.0796	     7	0.7956	     0
0.0796	     4	0.7964	     0
0.0797	     7	0.7972	     0
0.0798	     8	0.7980	     0
0.0799	     7	0.7989	     0
0.0800	     3	0.7997	     0
0.0801	     7	0.8005	     0
0.0801	     7	0.8014	     0
0.0802	     5	0.8022	     0
0.0803	     2	0.8030	     0
0.0804	     3	0.8039	     0
0.0805	     4	0.8047	     0
0.0806	     5	0.8055	     0
0.0806	     4	0.8063	     0
0.0807	     2	0.8072	     0
0.0808	     3	0.8080	     0
0.0809	     2	0.8088	     0
0.0810	     6	0.8097	     0
0.0810	     4	0.8105	     0
0.0811	     8	0.8113	     0
0.0812	     7	0.8122	     0
0.0813	     2	0.8130	     0
0.0814	     6	0.8138	     0
0.0815	     4	0.8146	     0
0.0815	     4	0.8155	     0
0.0816	     5	0.8163	     0
0.0817	     3	0.8171	     0
0.0818	     8	0.8180	     0
0.0819	     5	0.8188	     0
0.0820	     6	0.8196	     0
0.0820	     4	0.8205	     0
0.0821	     6	0.8213	     0
0.0822	     4	0.8221	     0
0.0823	     3	0.8229	     0
0.0824	     5	0.8238	     0
0.0825	     3	0.8246	     0
0.0825	     4	0.8254	     0
0.0826	     6	0.8263	     0
0.0827	     8	0.8271	     0
0.0828	     3	0.8279	     0
0.0829	     5	0.8288	     0
0.0830	     6	0.8296	     0
0.0830	     5	0.8304	     0
0.0831	     6	0.8313	     0
0.0832	     2	0.8321	     0
0.0833	     4	0.8329	     0
0.0834	     4	0.8337	     0
0.0835	     9	0.8346	     0
0.0835	     3	0.8354	     0
0.0836	     7	0.8362	     0
0.0837	     4	0.8371	     0
0.0838	     4	0.8379	     0
0.0839	     6	0.8387	     0
0.0840	     3	0.8396	     0
0.0840	     2	0.8404	     0
0.0841	     7	0.8412	     0
0.0842	     3	0.8420	     0
0.0843	     6	0.8429	     0
0.0844	     2	0.8437	     0
0.0845	     4	0.8445	     0
0.0845	     4	0.8454	     0
0.0846	     5	0.8462	     0
0.0847	     3	0.8470	     0
0.0848	     4	0.8479	     0
0.0849	     4	0.8487	     0
0.0850	     3	0.8495	     0
0.0850	     4	0.8503	     0
0.0851	     7	0.8512	     0
0.0852	     4	0.8520	     0
0.0853	     7	0.8528	     0
0.0854	     4	0.8537	     0
0.0854	     4	0.8545	     0
0.0855	     2	0.8553	     0
0.0856	     1	0.8562	     0
0.0857	     4	0.8570	     0
0.0858	     1	0.8578	     0
0.0859	     4	0.8586	     0
0.0859	     3	0.8595	     0
0.0860	     2	0.8603	     0
0.0861	     5	0.8611	     0
0.0862	     3	0.8620	     0
0.0863	     6	0.8628	     0
0.0864	     4	0.8636	     0
0.0864	     7	0.8645	     0
0.0865	     2	0.8653	     0
0.0866	     2	0.8661	     0
0.0867	     4	0.8669	     0
0.0868	     3	0.8678	     0
0.0869	     4	0.8686	     0
0.0869	     3	0.8694	     0
0.0870	     5	0.8703	     0
0.0871	     1	0.8711	     0
0.0872	     1	0.8719	     0
0.0873	     8	0.8728	     0
0.0874	     1	0.8736	     0
0.0874	     2	0.8744	     0
0.0875	     4	0.8752	     0
0.0876	     5	0.8761	     0
0.0877	     2	0.8769	     0
0.0878	     5	0.8777	     0
0.0879	     7	0.8786	     0
0.0879	     7	0.8794	     0
0.0880	     5	0.8802	     0
0.0881	     3	0.8811	     0
0.0882	     4	0.8819	     0
0.0883	     2	0.8827	     0
0.0884	     3	0.8835	     0
0.0884	     0	0.8844	     0
0.0885	     2	0.8852	     0
0.0886	     2	0.8860	     0
0.0887	     3	0.8869	     0
0.0888	     1	0.8877	     0
0.0889	     3	0.8885	     0
0.0889	     0	0.8894	     0
0.0890	     4	0.8902	     0
0.0891	     4	0.8910	     0
0.0892	     5	0.8918	     0
0.0893	     1	0.8927	     0
0.0894	     3	0.8935	     0
0.0894	     1	0.8943	     0
0.0895	     6	0.8952	     0
0.0896	     8	0.8960	     0
0.0897	     7	0.8968	     0
0.0898	     3	0.8977	     0
0.0898	     4	0.8985	     0
0.0899	     2	0.8993	     0
0.0900	     3	0.9001	     0
0.0901	     5	0.9010	     0
0.0902	     3	0.9018	     0
0.0903	    10	0.9026	     0
0.0903	     0	0.9035	     0
0.0904	     2	0.9043	     0
0.0905	     3	0.9051	     0
0.0906	     3	0.9060	     0
0.0907	     3	0.9068	     0
0.0908	     7	0.9076	     0
0.0908	     4	0.9084	     0
0.0909	     4	0.9093	     0
0.0910	     4	0.9101	     0
0.0911	     2	0.9109	     0
0.0912	     3	0.9118	     0
0.0913	     1	0.9126	     0
0.0913	     2	0.9134	     0
0.0914	     3	0.9143	     0
0.0915	     3	0.9151	     0
0.0916	     0	0.9159	     0
0.0917	     3	0.9167	     0
0.0918	     3	0.9176	     0
0.0918	     3	0.9184	     0
0.0919	     6	0.9192	     0
0.0920	     4	0.9201	     0
0.0921	     3	0.9209	     0
0.0922	     4	0.9217	     0
0.0923	     3	0.9226	     0
0.0923	     4	0.9234	     0
0.0924	     5	0.9242	     0
0.0925	     2	0.9250	     0
0.0926	     2	0.9259	     0
0.0927	     5	0.9267	     0
0.0928	     4	0.9275	     0
0.0928	     2	0.9284	     0
0.0929	     6	0.9292	     0
0.0930	     4	0.9300	     0
0.0931	     2	0.9309	     0
0.0932	     5	0.9317	     0
0.0933	     0	0.9325	     0
0.0933	     5	0.9333	     0
0.0934	     5	0.9342	     0
0.0935	     2	0.9350	     0
0.0936	     1	0.9358	     0
0.0937	     5	0.9367	     0
0.0938	     1	0.9375	     0
0.0938	     3	0.9383	     0
0.0939	     5	0.9392	     0
0.0940	     3	0.9400	     0
0.0941	     6	0.9408	     0
0.0942	     2	0.9417	     0
0.0942	     2	0.9425	     0
0.0943	     4	0.9433	     0
0.0944	     1	0.9441	     0
0.0945	     2	0.9450	     0
0.0946	     7	0.9458	     0
0.0947	     4	0.9466	     0
0.0947	     2	0.9475	     0
0.0948	     1	0.9483	     0
0.0949	     3	0.9491	     0
0.0950	     4	0.9500	     0
0.0951	     3	0.9508	     0
0.0952	     6	0.9516	     0
0.0952	     3	0.9524	     0
0.0953	     4	0.9533	     0
0.0954	     3	0.9541	     0
0.0955	     0	0.9549	     0
0.0956	     1	0.9558	     0
0.0957	     4	0.9566	     0
0.0957	     3	0.9574	     0
0.0958	     2	0.9583	     0
0.0959	     6	0.9591	     0
0.0960	     1	0.9599	     0
0.0961	     5	0.9607	     0
0.0962	     1	0.9616	     0
0.0962	     2	0.9624	     0
0.0963	     2	0.9632	     0
0.0964	     5	0.9641	     0
0.0965	     1	0.9649	     0
0.0966	     4	0.9657	     0
0.0967	     7	0.9666	     0
0.0967	     3	0.9674	     0
0.0968	     1	0.9682	     0
0.0969	     2	0.9690	     0
0.0970	     4	0.9699	     0
0.0971	     5	0.9707	     0
0.0972	     5	0.9715	     0
0.0972	     0	0.9724	     0
0.0973	     2	0.9732	     0
0.0974	     4	0.9740	     0
0.0975	     4	0.9749	     0
0.0976	     1	0.9757	     0
0.0977	     0	0.9765	     0
0.0977	     4	0.9773	     0
0.0978	     2	0.9782	     0
0.0979	     3	0.9790	     0
0.0980	     3	0.9798	     0
0.0981	     3	0.9807	     0
0.0981	     1	0.9815	     0
0.0982	     3	0.9823	     0
0.0983	     2	0.9832	     0
0.0984	     1	0.9840	     0
0.0985	     4	0.9848	     0
0.0986	     2	0.9856	     0
0.0986	     4	0.9865	     0
0.0987	     5	0.9873	     0
0.0988	     3	0.9881	     0
0.0989	     5	0.9890	     0
0.0990	     4	0.9898	     0
0.0991	     0	0.9906	     0
0.0991	     2	0.9915	     0
0.0992	     4	0.9923	     0
0.0993	     4	0.9931	     0
0.0994	     2	0.9939	     0
0.0995	     0	0.9948	     0
0.0996	     0	0.9956	     0
0.0996	     4	0.9964	     0
0.0997	     2	0.9973	     0
0.0998	     3	0.9981	     0
0.0999	     5	0.9989	     0
0.1000	     7	0.9998	     0
0.1001	     4	1.0006	     0
0.1001	     2	1.0014	     0
0.1002	     2	1.0022	     0
0.1003	     1	1.0031	     0
0.1004	     5	1.0039	     0
0.1005	     2	1.0047	     0
0.1006	     2	1.0056	     0
0.1006	     2	1.0064	     0
0.1007	     1	1.0072	     0
0.1008	     1	1.0081	     0
0.1009	     2	1.0089	     0
0.1010	     2	1.0097	     0
0.1011	     2	1.0105	     0
0.1011	     2	1.0114	     0
0.1012	     4	1.0122	     0
0.1013	     0	1.0130	     0
0.1014	     3	1.0139	     0
0.1015	     7	1.0147	     0
0.1016	     4	1.0155	     0
0.1016	     3	1.0164	     0
0.1017	     4	1.0172	     0
0.1018	     1	1.0180	     0
0.1019	     2	1.0188	     0
0.1020	     3	1.0197	     0
0.1021	     3	1.0205	     0
0.1021	     3	1.0213	     0
0.1022	     3	1.0222	     0
0.1023	     3	1.0230	     0
0.1024	     0	1.0238	     0
0.1025	     6	1.0247	     0
0.1025	     2	1.0255	     0
0.1026	     4	1.0263	     0
0.1027	     2	1.0271	     0
0.1028	     3	1.0280	     0
0.1029	     5	1.0288	     0
0.1030	     4	1.0296	     0
0.1030	     3	1.0305	     0
0.1031	     4	1.0313	     0
0.1032	     2	1.0321	     0
0.1033	     4	1.0330	     0
0.1034	     3	1.0338	     0
0.1035	     4	1.0346	     0
0.1035	     4	1.0354	     0
0.1036	     0	1.0363	     0
0.1037	     5	1.0371	     0
0.1038	     3	1.0379	     0
0.1039	     1	1.0388	     0
0.1040	     2	1.0396	     0
0.1040	     1	1.0404	     0
0.1041	     3	1.0413	     0
0.1042	     2	1.0421	     0
0.1043	     3	1.0429	     0
0.1044	     3	1.0438	     0
0.1045	     3	1.0446	     0
0.1045	     2	1.0454	     0
0.1046	     3	1.0462	     0
0.1047	     4	1.0471	     0
0.1048	     1	1.0479	     0
0.1049	     3	1.0487	     0
0.1050	     4	1.0496	     0
0.1050	     1	1.0504	     0
0.1051	     1	1.0512	     0
0.1052	     4	1.0521	     0
0.1053	     2	1.0529	     0
0.1054	     6	1.0537	     0
0.1055	     1	1.0545	     0
0.1055	     1	1.0554	     0
0.1056	     2	1.0562	     0
0.1057	     4	1.0570	     0
0.1058	     3	1.0579	     0
0.1059	     0	1.0587	     0
0.1060	     4	1.0595	     0
0.1060	     1	1.0604	     0
0.1061	     5	1.0612	     0
0.1062	     1	1.0620	     0
0.1063	     5	1.0628	     0
0.1064	     5	1.0637	     0
0.1065	     4	1.0645	     0
0.1065	     2	1.0653	     0
0.1066	     3	1.0662	     0
0.1067	     1	1.0670	     0
0.1068	     5	1.0678	     0
0.1069	     4	1.0687	     0
0.1069	     5	1.0695	     0
0.1070	     2	1.0703	     0
0.1071	     0	1.0711	     0
0.1072	     1	1.0720	     0
0.1073	     4	1.0728	     0
0.1074	     3	1.0736	     0
0.1074	     3	1.0745	     0
0.1075	     2	1.0753	     0
0.1076	     5	1.0761	     0
0.1077	     1	1.0770	     0
0.1078	     4	1.0778	     0
0.1079	     2	1.0786	     0
0.1079	     2	1.0794	     0
0.1080	     5	1.0803	     0
0.1081	     3	1.0811	     0
0.1082	     4	1.0819	     0
0.1083	     5	1.0828	     0
0.1084	     3	1.0836	     0
0.1084	     4	1.0844	     0
0.1085	     4	1.0853	     0
0.1086	     1	1.0861	     0
0.1087	     1	1.0869	     0
0.1088	     2	1.0877	     0
0.1089	     3	1.0886	     0
0.1089	     1	1.0894	     0
0.1090	     4	1.0902	     0
0.1091	     3	1.0911	     0
0.1092	     4	1.0919	     0
0.1093	     2	1.0927	     0
0.1094	     3	1.0936	     0
0.1094	     5	1.0944	     0
0.1095	     2	1.0952	     0
0.1096	     3	1.0960	     0
0.1097	     2	1.0969	     0
0.1098	     2	1.0977	     0
0.1099	     2	1.0985	     0
0.1099	     3	1.0994	     0
0.1100	     4	1.1002	     0
0.1101	     1	1.1010	     0
0.1102	     4	1.1019	     0
0.1103	     1	1.1027	     0
0.1104	     2	1.1035	     0
0.1104	     4	1.1043	     0
0.1105	     1	1.1052	     0
0.1106	     3	1.1060	     0
0.1107	     4	1.1068	     0
0.1108	     5	1.1077	     0
0.1108	     3	1.1085	     0
0.1109	     5	1.1093	     0
0.1110	     1	1.1102	     0
0.1111	     2	1.1110	     0
0.1112	     2	1.1118	     0
0.1113	     5	1.1126	     0
0.1113	     6	1.1135	     0
0.1114	     0	1.1143	     0
0.1115	     2	1.1151	     0
0.1116	     1	1.1160	     0
0.1117	     5	1.1168	     0
0.1118	     3	1.1176	     0
0.1118	     2	1.1185	     0
0.1119	     4	1.1193	     0
0.1120	     2	1.1201	     0
0.1121	     6	1.1209	     0
0.1122	     3	1.1218	     0
0.1123	     2	1.1226	     0
0.1123	     1	1.1234	     0
0.1124	     2	1.1243	     0
0.1125	     3	1.1251	     0
0.1126	     2	1.1259	     0
0.1127	     3	1.1268	     0
0.1128	     1	1.1276	     0
0.1128	     4	1.1284	     0
0.1129	     1	1.1292	     0
0.1130	     5	1.1301	     0
0.1131	     2	1.1309	     0
0.1132	     5	1.1317	     0
0.1133	     3	1.1326	     0
0.1133	     1	1.1334	     0
0.1134	     2	1.1342	     0
0.1135	     4	1.1351	     0
0.1136	     2	1.1359	     0
0.1137	     5	1.1367	     0
0.1138	     3	1.1375	     0
0.1138	     4	1.1384	     0
0.1139	     6	1.1392	     0
0.1140	     2	1.1400	     0
0.1141	     3	1.1409	     0
0.1142	     3	1.1417	     0
0.1143	     2	1.1425	     0
0.1143	     0	1.1434	     0
0.1144	     1	1.1442	     0
0.1145	     2	1.1450	     0
0.1146	     4	1.1458	     0
0.1147	     4	1.1467	     0
0.1148	     0	1.1475	     0
0.1148	     4	1.1483	     0
0.1149	     2	1.1492	     0
0.1150	     4	1.1500	     0
0.1151	     1	1.1508	     0
0.1152	     1	1.1517	     0
0.1152	     4	1.1525	     0
0.1153	     4	1.1533	     0
0.1154	     2	1.1542	     0
0.1155	     2	1.1550	     0
0.1156	     1	1.1558	     0
0.1157	     2	1.1566	     0
0.1157	     1	1.1575	     0
0.1158	     5	1.1583	     0
0.1159	     3	1.1591	     0
0.1160	     1	1.1600	     0
0.1161	     1	1.1608	     0
0.1162	     3	1.1616	     0
0.1162	     2	1.1625	     0
0.1163	     4	1.1633	     0
0.1164	     1	1.1641	     0
0.1165	     1	1.1649	     0
0.1166	     1	1.1658	     0
0.1167	     3	1.1666	     0
0.1167	     1	1.1674	     0
0.1168	     1	1.1683	     0
0.1169	     1	1.1691	     0
0.1170	     2	1.1699	     0
0.1171	     4	1.1708	     0
0.1172	     2	1.1716	     0
0.1172	     6	1.1724	     0
0.1173	     4	1.1732	     0
0.1174	     1	1.1741	     0
0.1175	     3	1.1749	     0
0.1176	     1	1.1757	     0
0.1177	     0	1.1766	     0
0.1177	     3	1.1774	     0
0.1178	     2	1.1782	     0
0.1179	     1	1.1791	     0
0.1180	     1	1.1799	     0
0.1181	     1	1.1807	     0
0.1182	     1	1.1815	     0
0.1182	     1	1.1824	     0
0.1183	     2	1.1832	     0
0.1184	     1	1.1840	     0
0.1185	     2	1.1849	     0
0.1186	     2	1.1857	     0
0.1187	     4	1.1865	     0
0.1187	     2	1.1874	     0
0.1188	     1	1.1882	     0
0.1189	     1	1.1890	     0
0.1190	     4	1.1898	     0
0.1191	     0	1.1907	     0
0.1192	     3	1.1915	     0
0.1192	     6	1.1923	     0
0.1193	     5	1.1932	     0
0.1194	     2	1.1940	     0
0.1195	     3	1.1948	     0
0.1196	     5	1.1957	     0
0.1196	     5	1.1965	     0
0.1197	     5	1.1973	     0
0.1198	     3	1.1981	     0
0.1199	     0	1.1990	     0
0.1200	     2	1.1998	     0
0.1201	     0	1.2006	     0
0.1201	     1	1.2015	     0
0.1202	     4	1.2023	     0
0.1203	     2	1.2031	     0
0.1204	     1	1.2040	     0
0.1205	     0	1.2048	     0
0.1206	     1	1.2056	     0
0.1206	     2	1.2064	     0
0.1207	     5	1.2073	     0
0.1208	     0	1.2081	     0
0.1209	     3	1.2089	     0
0.1210	     3	1.2098	     0
0.1211	     5	1.2106	     0
0.1211	     2	1.2114	     0
0.1212	     2	1.2123	     0
0.1213	     1	1.2131	     0
0.1214	     2	1.2139	     0
0.1215	     1	1.2147	     0
0.1216	     3	1.2156	     0
0.1216	     2	1.2164	     0
0.1217	     5	1.2172	     0
0.1218	     0	1.2181	     0
0.1219	     2	1.2189	     0
0.1220	     1	1.2197	     0
0.1221	     2	1.2206	     0
0.1221	     1	1.2214	     0
0.1222	     3	1.2222	     0
0.1223	     2	1.2230	     0
0.1224	     0	1.2239	     0
0.1225	     4	1.2247	     0
0.1226	     1	1.2255	     0
0.1226	     0	1.2264	     0
0.1227	     5	1.2272	     0
0.1228	     1	1.2280	     0
0.1229	     3	1.2289	     0
0.1230	     0	1.2297	     0
0.1231	     6	1.2305	     0
0.1231	     1	1.2313	     0
0.1232	     2	1.2322	     0
0.1233	     3	1.2330	     0
0.1234	     2	1.2338	     0
0.1235	     5	1.2347	     0
0.1235	     6	1.2355	     0
0.1236	     2	1.2363	     0
0.1237	     2	1.2372	     0
0.1238	     6	1.2380	     0
0.1239	     0	1.2388	     0
0.1240	     0	1.2396	     0
0.1240	     3	1.2405	     0
0.1241	     3	1.2413	     0
0.1242	     0	1.2421	     0
0.1243	     3	1.2430	     0
0.1244	     0	1.2438	     0
0.1245	     1	1.2446	     0
0.1245	     3	1.2455	     0
0.1246	     2	1.2463	     0
0.1247	     3	1.2471	     0
0.1248	     0	1.2479	     0
0.1249	     4	1.2488	     0
0.1250	     4	1.2496	     0
0.1250	     1	1.2504	     0
0.1251	     3	1.2513	     0
0.1252	     2	1.2521	     0
0.1253	     2	1.2529	     0
0.1254	     2	1.2538	     0
0.1255	     0	1.2546	     0
0.1255	     2	1.2554	     0
0.1256	     3	1.2562	     0
0.1257	     1	1.2571	     0
0.1258	     1	1.2579	     0
0.1259	     3	1.2587	     0
0.1260	     0	1.2596	     0
0.1260	     2	1.2604	     0
0.1261	     2	1.2612	     0
0.1262	     2	1.2621	     0
0.1263	     2	1.2629	     0
0.1264	     3	1.2637	     0
0.1265	     3	1.2646	     0
0.1265	     2	1.2654	     0
0.1266	     0	1.2662	     0
0.1267	     4	1.2670	     0
0.1268	     1	1.2679	     0
0.1269	     2	1.2687	     0
0.1270	     2	1.2695	     0
0.1270	     2	1.2704	     0
0.1271	     4	1.2712	     0
0.1272	     2	1.2720	     0
0.1273	     2	1.2729	     0
0.1274	     1	1.2737	     0
0.1275	     3	1.2745	     0
0.1275	     2	1.2753	     0
0.1276	     2	1.2762	     0
0.1277	     2	1.2770	     0
0.1278	     2	1.2778	     0
0.1279	     4	1.2787	     0
0.1279	     4	1.2795	     0
0.1280	     4	1.2803	     0
0.1281	     1	1.2812	     0
0.1282	     1	1.2820	     0
0.1283	     3	1.2828	     0
0.1284	     0	1.2836	     0
0.1284	     2	1.2845	     0
0.1285	     3	1.2853	     0
0.1286	     3	1.2861	     0
0.1287	     3	1.2870	     0
0.1288	     2	1.2878	     0
0.1289	     2	1.2886	     0
0.1289	     2	1.2895	     0
0.1290	     4	1.2903	     0
0.1291	     1	1.2911	     0
0.1292	     1	1.2919	     0
0.1293	     6	1.2928	     0
0.1294	     5	1.2936	     0
0.1294	     4	1.2944	     0
0.1295	     2	1.2953	     0
0.1296	     5	1.2961	     0
0.1297	     2	1.2969	     0
0.1298	     4	1.2978	     0
0.1299	     1	1.2986	     0
0.1299	     2	1.2994	     0
0.1300	     1	1.3002	     0
0.1301	     2	1.3011	     0
0.1302	     1	1.3019	     0
0.1303	     2	1.3027	     0
0.1304	     1	1.3036	     0
0.1304	     5	1.3044	     0
0.1305	     0	1.3052	     0
0.1306	     3	1.3061	     0
0.1307	     0	1.3069	     0
0.1308	     0	1.3077	     0
0.1309	     1	1.3085	     0
0.1309	     0	1.3094	     0
0.1310	     3	1.3102	     0
0.1311	     2	1.3110	     0
0.1312	     0	1.3119	     0
0.1313	     2	1.3127	     0
0.1314	     1	1.3135	     0
0.1314	     1	1.3144	     0
0.1315	     3	1.3152	     0
0.1316	     2	1.3160	     0
0.1317	     0	1.3168	     0
0.1318	     1	1.3177	     0
0.1319	     1	1.3185	     0
0.1319	     0	1.3193	     0
0.1320	     1	1.3202	     0
0.1321	     2	1.3210	     0
0.1322	     1	1.3218	     0
0.1323	     2	1.3227	     0
0.1323	     0	1.3235	     0
0.1324	     5	1.3243	     0
0.1325	     1	1.3251	     0
0.1326	     1	1.3260	     0
0.1327	     1	1.3268	     0
0.1328	     1	1.3276	     0
0.1328	     4	1.3285	     0
0.1329	     4	1.3293	     0
0.1330	     4	1.3301	     0
0.1331	     0	1.3310	     0
0.1332	     1	1.3318	     0
0.1333	     1	1.3326	     0
0.1333	     2	1.3334	     0
0.1334	     1	1.3343	     0
0.1335	     1	1.3351	     0
0.1336	     1	1.3359	     0
0.1337	     2	1.3368	     0
0.1338	     5	1.3376	     0
0.1338	     1	1.3384	     0
0.1339	     1	1.3393	     0
0.1340	     0	1.3401	     0
0.1341	     4	1.3409	     0
0.1342	     1	1.3417	     0
0.1343	     1	1.3426	     0
0.1343	     2	1.3434	     0
0.1344	     1	1.3442	     0
0.1345	     3	1.3451	     0
0.1346	     2	1.3459	     0
0.1347	     2	1.3467	     0
0.1348	     3	1.3476	     0
0.1348	     4	1.3484	     0
0.1349	     2	1.3492	     0
0.1350	     2	1.3500	     0
0.1351	     0	1.3509	     0
0.1352	     2	1.3517	     0
0.1353	     2	1.3525	     0
0.1353	     3	1.3534	     0
0.1354	     6	1.3542	     0
0.1355	     4	1.3550	     0
0.1356	     0	1.3559	     0
0.1357	     0	1.3567	     0
0.1358	     1	1.3575	     0
0.1358	     1	1.3583	     0
0.1359	     0	1.3592	     0
0.1360	     0	1.3600	     0
0.1361	     1	1.3608	     0
0.1362	     4	1.3617	     0
0.1363	     1	1.3625	     0
0.1363	     2	1.3633	     0
0.1364	     1	1.3642	     0
0.1365	     2	1.3650	     0
0.1366	     0	1.3658	     0
0.1367	     2	1.3667	     0
0.1367	     0	1.3675	     0
0.1368	     1	1.3683	     0
0.1369	     2	1.3691	     0
0.1370	     2	1.3700	     0
0.1371	     0	1.3708	     0
0.1372	     1	1.3716	     0
0.1372	     2	1.3725	     0
0.1373	     1	1.3733	     0
0.1374	     2	1.3741	     0
0.1375	     0	1.3750	     0
0.1376	     0	1.3758	     0
0.1377	     0	1.3766	     0
0.1377	     5	1.3774	     0
0.1378	     1	1.3783	     0
0.1379	     0	1.3791	     0
0.1380	     2	1.3799	     0
0.1381	     3	1.3808	     0
0.1382	     0	1.3816	     0
0.1382	     3	1.3824	     0
0.1383	     1	1.3833	     0
0.1384	     1	1.3841	     0
0.1385	     1	1.3849	     0
0.1386	     0	1.3857	     0
0.1387	     1	1.3866	     0
0.1387	     1	1.3874	     0
0.1388	     1	1.3882	     0
0.1389	     1	1.3891	     0
0.1390	     2	1.3899	     0
0.1391	     1	1.3907	     0
0.1392	     5	1.3916	     0
0.1392	     1	1.3924	     0
0.1393	     0	1.3932	     0
0.1394	     1	1.3940	     0
0.1395	     1	1.3949	     0
0.1396	     1	1.3957	     0
0.1397	     2	1.3965	     0
0.1397	     3	1.3974	     0
0.1398	     1	1.3982	     0
0.1399	     1	1.3990	     0
0.1400	     0	1.3999	     0
0.1401	     1	1.4007	     0
0.1402	     0	1.4015	     0
0.1402	     0	1.4023	     0
0.1403	     0	1.4032	     0
0.1404	     1	1.4040	     0
0.1405	     2	1.4048	     0
0.1406	     2	1.4057	     0
0.1406	     1	1.4065	     0
0.1407	     1	1.4073	     0
0.1408	     0	1.4082	     0
0.1409	     0	1.4090	     0
0.1410	     0	1.4098	     0
0.1411	     3	1.4106	     0
0.1411	     1	1.4115	     0
0.1412	     0	1.4123	     0
0.1413	     0	1.4131	     0
0.1414	     0	1.4140	     0
0.1415	     0	1.4148	     0
0.1416	     2	1.4156	     0
0.1416	     1	1.4165	     0
0.1417	     2	1.4173	     0
0.1418	     1	1.4181	     0
0.1419	     2	1.4189	     0
0.1420	     0	1.4198	     0
0.1421	     0	1.4206	     0
0.1421	     0	1.4214	     0
0.1422	     4	1.4223	     0
0.1423	     1	1.4231	     0
0.1424	     4	1.4239	     0
0.1425	     3	1.4248	     0
0.1426	     2	1.4256	     0
0.1426	     1	1.4264	     0
0.1427	     4	1.4272	     0
0.1428	     1	1.4281	     0
0.1429	     2	1.4289	     0
0.1430	     2	1.4297	     0
0.1431	     0	1.4306	     0
0.1431	     0	1.4314	     0
0.1432	     0	1.4322	     0
0.1433	     1	1.4331	     0
0.1434	     0	1.4339	     0
0.1435	     2	1.4347	     0
0.1436	     3	1.4355	     0
0.1436	     2	1.4364	     0
0.1437	     1	1.4372	     0
0.1438	     3	1.4380	     0
0.1439	     2	1.4389	     0
0.1440	     2	1.4397	     0
0.1441	     1	1.4405	     0
0.1441	     1	1.4414	     0
0.1442	     0	1.4422	     0
0.1443	     0	1.4430	     0
0.1444	     2	1.4438	     0
0.1445	     0	1.4447	     0
0.1446	     1	1.4455	     0
0.1446	     0	1.4463	     0
0.1447	     2	1.4472	     0
0.1448	     0	1.4480	     0
0.1449	     3	1.4488	     0
0.1450	     2	1.4497	     0
0.1450	     0	1.4505	     0
0.1451	     2	1.4513	     0
0.1452	     1	1.4521	     0
0.1453	     0	1.4530	     0
0.1454	     0	1.4538	     0
0.1455	     2	1.4546	     0
0.1455	     3	1.4555	     0
0.1456	     0	1.4563	     0
0.1457	     2	1.4571	     0
0.1458	     1	1.4580	     0
0.1459	     1	1.4588	     0
0.1460	     1	1.4596	     0
0.1460	     3	1.4604	     0
0.1461	     0	1.4613	     0
0.1462	     3	1.4621	     0
0.1463	     2	1.4629	     0
0.1464	     0	1.4638	     0
0.1465	     1	1.4646	     0
0.1465	     3	1.4654	     0
0.1466	     4	1.4663	     0
0.1467	     2	1.4671	     0
0.1468	     4	1.4679	     0
0.1469	     0	1.4688	     0
0.1470	     2	1.4696	     0
0.1470	     0	1.4704	     0
0.1471	     2	1.4712	     0
0.1472	     0	1.4721	     0
0.1473	     2	1.4729	     0
0.1474	     3	1.4737	     0
0.1475	     2	1.4746	     0
0.1475	     1	1.4754	     0
0.1476	     1	1.4762	     0
0.1477	     2	1.4771	     0
0.1478	     4	1.4779	     0
0.1479	     1	1.4787	     0
0.1480	     2	1.4795	     0
0.1480	     2	1.4804	     0
0.1481	     0	1.4812	     0
0.1482	     2	1.4820	     0
0.1483	     1	1.4829	     0
0.1484	     1	1.4837	     0
0.1485	     3	1.4845	     0
0.1485	     1	1.4854	     0
0.1486	     4	1.4862	     0
0.1487	     4	1.4870	     0
0.1488	     1	1.4878	     0
0.1489	     4	1.4887	     0
0.1490	     6	1.4895	     0
0.1490	     0	1.4903	     0
0.1491	     2	1.4912	     0
0.1492	     1	1.4920	     0
0.1493	     2	1.4928	     0
0.1494	     1	1.4937	     0
0.1494	     1	1.4945	     0
0.1495	     4	1.4953	     0
0.1496	     2	1.4961	     0
0.1497	     3	1.4970	     0
0.1498	     3	1.4978	     0
0.1499	     4	1.4986	     0
0.1499	     3	1.4995	     0
0.1500	     5	1.5003	     0
0.1501	     3	1.5011	     0
0.1502	     1	1.5020	     0
0.1503	     2	1.5028	     0
0.1504	     3	1.5036	     0
0.1504	     5	1.5044	     0
0.1505	     6	1.5053	     0
0.1506	     3	1.5061	     0
0.1507	     8	1.5069	     0
0.1508	     4	1.5078	     0
0.1509	     7	1.5086	     0
0.1509	     4	1.5094	     0
0.1510	     1	1.5103	     0
0.1511	     6	1.5111	     0
0.1512	     2	1.5119	     0
0.1513	     5	1.5127	     0
0.1514	     3	1.5136	     0
0.1514	     6	1.5144	     0
0.1515	     3	1.5152	     0
0.1516	     2	1.5161	     0
0.1517	     5	1.5169	     0
0.1518	     4	1.5177	     0
0.1519	     1	1.5186	     0
0.1519	     4	1.5194	     0
0.1520	     2	1.5202	     0
0.1521	     7	1.5210	     0
0.1522	     2	1.5219	     0
0.1523	     4	1.5227	     0
0.1524	     3	1.5235	     0
0.1524	     2	1.5244	     0
0.1525	     4	1.5252	     0
0.1526	     5	1.5260	     0
0.1527	     7	1.5269	     0
0.1528	     3	1.5277	     0
0.1529	     3	1.5285	     0
0.1529	     5	1.5293	     0
0.1530	     4	1.5302	     0
0.1531	     8	1.5310	     0
0.1532	     1	1.5318	     0
0.1533	     1	1.5327	     0
0.1533	     5	1.5335	     0
0.1534	     3	1.5343	     0
0.1535	     5	1.5352	     0
0.1536	     7	1.5360	     0
0.1537	     4	1.5368	     0
0.1538	     2	1.5376	     0
0.1538	     4	1.5385	     0
0.1539	     2	1.5393	     0
0.1540	     8	1.5401	     0
0.1541	     3	1.5410	     0
0.1542	     4	1.5418	     0
0.1543	     3	1.5426	     0
0.1543	     6	1.5435	     0
0.1544	     3	1.5443	     0
0.1545	     1	1.5451	     0
0.1546	     2	1.5459	     0
0.1547	     5	1.5468	     0
0.1548	     5	1.5476	     0
0.1548	     6	1.5484	     0
0.1549	     7	1.5493	     0
0.1550	     6	1.5501	     0
0.1551	     9	1.5509	     0
0.1552	     8	1.5518	     0
0.1553	     2	1.5526	     0
0.1553	     6	1.5534	     0
0.1554	     4	1.5542	     0
0.1555	     4	1.5551	     0
0.1556	     4	1.5559	     0
0.1557	     1	1.5567	     0
0.1558	     4	1.5576	     0
0.1558	     8	1.5584	     0
0.1559	     3	1.5592	     0
0.1560	     3	1.5601	     0
0.1561	     1	1.5609	     0
0.1562	     6	1.5617	     0
0.1563	     4	1.5625	     0
0.1563	     7	1.5634	     0
0.1564	     3	1.5642	     0
0.1565	     4	1.5650	     0
0.1566	     4	1.5659	     0
0.1567	     1	1.5667	     0
0.1568	     4	1.5675	     0
0.1568	     4	1.5684	     0
0.1569	     1	1.5692	     0
0.1570	     1	1.5700	     0
0.1571	     2	1.5708	     0
0.1572	     1	1.5717	     0
0.1573	     3	1.5725	     0
0.1573	     2	1.5733	     0
0.1574	     3	1.5742	     0
0.1575	     0	1.5750	     0
0.1576	     2	1.5758	     0
0.1577	     3	1.5767	     0
0.1577	     5	1.5775	     0
0.1578	     2	1.5783	     0
0.1579	     1	1.5792	     0
0.1580	     1	1.5800	     0
0.1581	     3	1.5808	     0
0.1582	     5	1.5816	     0
0.1582	     2	1.5825	     0
0.1583	     3	1.5833	     0
0.1584	     0	1.5841	     0
0.1585	     2	1.5850	     0
0.1586	     4	1.5858	     0
0.1587	     0	1.5866	     0
0.1587	     6	1.5875	     0
0.1588	     2	1.5883	     0
0.1589	     4	1.5891	     0
0.1590	     0	1.5899	     0
0.1591	     1	1.5908	     0
0.1592	     0	1.5916	     0
0.1592	     1	1.5924	     0
0.1593	     4	1.5933	     0
0.1594	     5	1.5941	     0
0.1595	     1	1.5949	     0
0.1596	     4	1.5958	     0
0.1597	     0	1.5966	     0
0.1597	     1	1.5974	     0
0.1598	     1	1.5982	     0
0.1599	     0	1.5991	     0
0.1600	     0	1.5999	     0
0.1601	     2	1.6007	     0
0.1602	     1	1.6016	     0
0.1602	     2	1.6024	     0
0.1603	     1	1.6032	     0
0.1604	     0	1.6041	     0
0.1605	     3	1.6049	     0
0.1606	     1	1.6057	     0
0.1607	     2	1.6065	     0
0.1607	     2	1.6074	     0
0.1608	     0	1.6082	     0
0.1609	     2	1.6090	     0
0.1610	     0	1.6099	     0
0.1611	     0	1.6107	     0
0.1612	     1	1.6115	     0
0.1612	     1	1.6124	     0
0.1613	     4	1.6132	     0
0.1614	     1	1.6140	     0
0.1615	     0	1.6148	     0
0.1616	     1	1.6157	     0
0.1617	     0	1.6165	     0
0.1617	     1	1.6173	     0
0.1618	     0	1.6182	     0
0.1619	     0	1.6190	     0
0.1620	     1	1.6198	     0
0.1621	     1	1.6207	     0
0.1621	     0	1.6215	     0
0.1622	     2	1.6223	     0
0.1623	     1	1.6231	     0
0.1624	     0	1.6240	     0
0.1625	     0	1.6248	     0
0.1626	     1	1.6256	     0
0.1626	     0	1.6265	     0
0.1627	     2	1.6273	     0
0.1628	     2	1.6281	     0
0.1629	     0	1.6290	     0
0.1630	     1	1.6298	     0
0.1631	     0	1.6306	     0
0.1631	     0	1.6314	     0
0.1632	     0	1.6323	     0
0.1633	     1	1.6331	     0
0.1634	     0	1.6339	     0
0.1635	     2	1.6348	     0
0.1636	     1	1.6356	     0
0.1636	     1	1.6364	     0
0.1637	     1	1.6373	     0
0.1638	     2	1.6381	     0
0.1639	     0	1.6389	     0
0.1640	     0	1.6397	     0
0.1641	     0	1.6406	     0
0.1641	     1	1.6414	     0
0.1642	     0	1.6422	     0
0.1643	     0	1.6431	     0
0.1644	     1	1.6439	     0
0.1645	     0	1.6447	     0
0.1646	     0	1.6456	     0
0.1646	     0	1.6464	     0
0.1647	     0	1.6472	     0
0.1648	     1	1.6480	     0
0.1649	     0	1.6489	     0
0.1650	     1	1.6497	     0
0.1651	     0	1.6505	     0
0.1651	     0	1.6514	     0
0.1652	     1	1.6522	     0
0.1653	     0	1.6530	     0
0.1654	     0	1.6539	     0
0.1655	     0	1.6547	     0
0.1656	     0	1.6555	     0
0.1656	     0	1.6563	     0
0.1657	     1	1.6572	     0
0.1658	     1	1.6580	     0
0.1659	     1	1.6588	     0
0.1660	     0	1.6597	     0
0.1660	     2	1.6605	     0
0.1661	     0	1.6613	     0
0.1662	     1	1.6622	     0
0.1663	     0	1.6630	     0
0.1664	     0	1.6638	     0
0.1665	     1	1.6646	     0
0.1665	     0	1.6655	     0
0.1666	     0	1.6663	     0
0.1667	     1	1.6671	     0
0.1668	     0	1.6680	     0
0.1669	     1	1.6688	     0
0.1670	     0	1.6696	     0
0.1670	     1	1.6705	     0
0.1671	     1	1.6713	     0
0.1672	     0	1.6721	     0
0.1673	     0	1.6729	     0
0.1674	     0	1.6738	     0
0.1675	     1	1.6746	     0
0.1675	     0	1.6754	     0
0.1676	     1	1.6763	     0
0.1677	     2	1.6771	     0
0.1678	     1	1.6779	     0
0.1679	     0	1.6788	     0
0.1680	     0	1.6796	     0
0.1680	     1	1.6804	     0
0.1681	     0	1.6812	     0
0.1682	     0	1.6821	     0
0.1683	     1	1.6829	     0
0.1684	     1	1.6837	     0
0.1685	     0	1.6846	     0
0.1685	     1	1.6854	     0
0.1686	     0	1.6862	     0
0.1687	     0	1.6871	     0
0.1688	     0	1.6879	     0
0.1689	     0	1.6887	     0
0.1690	     0	1.6896	     0
0.1690	     1	1.6904	     0
0.1691	     1	1.6912	     0
0.1692	     0	1.6920	     0
0.1693	     0	1.6929	     0
0.1694	     0	1.6937	     0
0.1695	     0	1.6945	     0
0.1695	     0	1.6954	     0
0.1696	     0	1.6962	     0
0.1697	     0	1.6970	     0
0.1698	     1	1.6979	     0
0.1699	     0	1.6987	     0
0.1700	     0	1.6995	     0
0.1700	     0	1.7003	     0
0.1701	     0	1.7012	     0
0.1702	     0	1.7020	     0
0.1703	     1	1.7028	     0
0.1704	     0	1.7037	     0
0.1704	     0	1.7045	     0
0.1705	     0	1.7053	     0
0.1706	     0	1.7062	     0
0.1707	     1	1.7070	     0
0.1708	     1	1.7078	     0
0.1709	     1	1.7086	     0
0.1709	     0	1.7095	     0
0.1710	     0	1.7103	     0
0.1711	     0	1.7111	     0
0.1712	     0	1.7120	     0
0.1713	     1	1.7128	     0
0.1714	     0	1.7136	     0
0.1714	     1	1.7145	     0
0.1715	     0	1.7153	     0
0.1716	     1	1.7161	     0
0.1717	     0	1.7169	     0
0.1718	     0	1.7178	     0
0.1719	     0	1.7186	     0
0.1719	     0	1.7194	     0
0.1720	     1	1.7203	     0
0.1721	     0	1.7211	     0
0.1722	     0	1.7219	     0
0.1723	     0	1.7228	     0
0.1724	     0	1.7236	     0
0.1724	     0	1.7244	     0
0.1725	     0	1.7252	     0
0.1726	     0	1.7261	     0
0.1727	     1	1.7269	     0
0.1728	     0	1.7277	     0
0.1729	     0	1.7286	     0
0.1729	     0	1.7294	     0
0.1730	     0	1.7302	     0
0.1731	     0	1.7311	     0
0.1732	     1	1.7319	     0
0.1733	     1	1.7327	     0
0.1734	     1	1.7335	     0
0.1734	     1	1.7344	     0
0.1735	     0	1.7352	     0
0.1736	     0	1.7360	     0
0.1737	     1	1.7369	     0
0.1738	     0	1.7377	     0
0.1739	     0	1.7385	     0
0.1739	     0	1.7394	     0
0.1740	     0	1.7402	     0
0.1741	     0	1.7410	     0
0.1742	     1	1.7418	     0
0.1743	     0	1.7427	     0
0.1744	     1	1.7435	     0
0.1744	     0	1.7443	     0
0.1745	     1	1.7452	     0
0.1746	     0	1.7460	     0
0.1747	     0	1.7468	     0
0.1748	     0	1.7477	     0
0.1748	     0	1.7485	     0
0.1749	     0	1.7493	     0
0.1750	     0	1.7501	     0
0.1751	     2	1.7510	     0
0.1752	     2	1.7518	     0
0.1753	     0	1.7526	     0
0.1753	     0	1.7535	     0
0.1754	     0	1.7543	     0
0.1755	     0	1.7551	     0
0.1756	     1	1.7560	     0
0.1757	     2	1.7568	     0
0.1758	     1	1.7576	     0
0.1758	     0	1.7584	     0
0.1759	     0	1.7593	     0
0.1760	     0	1.7601	     0
0.1761	     0	1.7609	     0
0.1762	     1	1.7618	     0
0.1763	     0	1.7626	     0
0.1763	     0	1.7634	     0
0.1764	     0	1.7643	     0
0.1765	     0	1.7651	     0
0.1766	     0	1.7659	     0
0.1767	     0	1.7667	     0
0.1768	     1	1.7676	     0
0.1768	     1	1.7684	     0
0.1769	     0	1.7692	     0
0.1770	     0	1.7701	     0
0.1771	     0	1.7709	     0
0.1772	     0	1.7717	     0
0.1773	     0	1.7726	     0
0.1773	     1	1.7734	     0
0.1774	     0	1.7742	     0
0.1775	     0	1.7750	     0
0.1776	     0	1.7759	     0
0.1777	     1	1.7767	     0
0.1778	     1	1.7775	     0
0.1778	     0	1.7784	     0
0.1779	     0	1.7792	     0
0.1780	     0	1.7800	     0
0.1781	     1	1.7809	     0
0.1782	     0	1.7817	     0
0.1783	     1	1.7825	     0
0.1783	     0	1.7833	     0
0.1784	     2	1.7842	     0
0.1785	     0	1.7850	     0
0.1786	     1	1.7858	     0
0.1787	     0	1.7867	     0
0.1788	     0	1.7875	     0
0.1788	     0	1.7883	     0
0.1789	     0	1.7892	     0
0.1790	     0	1.7900	     0
0.1791	     0	1.7908	     0
0.1792	     0	1.7917	     0
0.1792	     0	1.7925	     0
0.1793	     0	1.7933	     0
0.1794	     0	1.7941	     0
0.1795	     0	1.7950	     0
0.1796	     0	1.7958	     0
0.1797	     0	1.7966	     0
0.1797	     1	1.7975	     0
0.1798	     0	1.7983	     0
0.1799	     0	1.7991	     0
0.1800	     1	1.8000	     0
0.1801	     2	1.8008	     0
0.1802	     1	1.8016	     0
0.1802	     0	1.8024	     0
0.1803	     0	1.8033	     0
0.1804	     0	1.8041	     0
0.1805	     0	1.8049	     0
0.1806	     1	1.8058	     0
0.1807	     0	1.8066	     0
0.1807	     3	1.8074	     0
0.1808	     1	1.8083	     0
0.1809	     0	1.8091	     0
0.1810	     0	1.8099	     0
0.1811	     1	1.8107	     0
0.1812	     0	1.8116	     0
0.1812	     0	1.8124	     0
0.1813	     0	1.8132	     0
0.1814	     1	1.8141	     0
0.1815	     1	1.8149	     0
0.1816	     1	1.8157	     0
0.1817	     0	1.8166	     0
0.1817	     1	1.8174	     0
0.1818	     1	1.8182	     0
0.1819	     1	1.8190	     0
0.1820	     1	1.8199	     0
0.1821	     1	1.8207	     0
0.1822	     1	1.8215	     0
0.1822	     0	1.8224	     0
0.1823	     1	1.8232	     0
0.1824	     0	1.8240	     0
0.1825	     3	1.8249	     0
0.1826	     4	1.8257	     0
0.1827	     1	1.8265	     0
0.1827	     0	1.8273	     0
0.1828	     1	1.8282	     0
0.1829	     1	1.8290	     0
0.1830	     0	1.8298	     0
0.1831	     1	1.8307	     0
0.1831	     0	1.8315	     0
0.1832	     0	1.8323	     0
0.1833	     0	1.8332	     0
0.1834	     0	1.8340	     0
0.1835	     0	1.8348	     0
0.1836	     0	1.8356	     0
0.1836	     0	1.8365	     0
0.1837	     0	1.8373	     0
0.1838	     0	1.8381	     0
0.1839	     0	1.8390	     0
0.1840	     0	1.8398	     0
0.1841	     1	1.8406	     0
0.1841	     0	1.8415	     0
0.1842	     0	1.8423	     0
0.1843	     1	1.8431	     0
0.1844	     2	1.8439	     0
0.1845	     1	1.8448	     0
0.1846	     2	1.8456	     0
0.1846	     0	1.8464	     0
0.1847	     0	1.8473	     0
0.1848	     2	1.8481	     0
0.1849	     0	1.8489	     0
0.1850	     2	1.8498	     0
0.1851	     0	1.8506	     0
0.1851	     1	1.8514	     0
0.1852	     0	1.8522	     0
0.1853	     2	1.8531	     0
0.1854	     0	1.8539	     0
0.1855	     1	1.8547	     0
0.1856	     0	1.8556	     0
0.1856	     1	1.8564	     0
0.1857	     0	1.8572	     0
0.1858	     1	1.8581	     0
0.1859	     1	1.8589	     0
0.1860	     1	1.8597	     0
0.1861	     2	1.8605	     0
0.1861	     0	1.8614	     0
0.1862	     1	1.8622	     0
0.1863	     2	1.8630	     0
0.1864	     1	1.8639	     0
0.1865	     0	1.8647	     0
0.1866	     1	1.8655	     0
0.1866	     0	1.8664	     0
0.1867	     0	1.8672	     0
0.1868	     1	1.8680	     0
0.1869	     0	1.8688	     0
0.1870	     0	1.8697	     0
0.1871	     0	1.8705	     0
0.1871	     1	1.8713	     0
0.1872	     0	1.8722	     0
0.1873	     1	1.8730	     0
0.1874	     0	1.8738	     0
0.1875	     0	1.8747	     0
0.1875	     1	1.8755	     0
0.1876	     1	1.8763	     0
0.1877	     0	1.8771	     0
0.1878	     0	1.8780	     0
0.1879	     0	1.8788	     0
0.1880	     0	1.8796	     0
0.1880	     0	1.8805	     0
0.1881	     0	1.8813	     0
0.1882	     0	1.8821	     0
0.1883	     0	1.8830	     0
0.1884	     1	1.8838	     0
0.1885	     0	1.8846	     0
0.1885	     0	1.8854	     0
0.1886	     0	1.8863	     0
0.1887	     0	1.8871	     0
0.1888	     0	1.8879	     0
0.1889	     0	1.8888	     0
0.1890	     0	1.8896	     0
0.1890	     0	1.8904	     0
0.1891	     1	1.8913	     0
0.1892	     1	1.8921	     0
0.1893	     0	1.8929	     0
0.1894	     0	1.8938	     0
0.1895	     0	1.8946	     0
0.1895	     0	1.8954	     0
0.1896	     0	1.8962	     0
0.1897	     0	1.8971	     0
0.1898	     1	1.8979	     0
0.1899	     0	1.8987	     0
0.1900	     0	1.8996	     0
0.1900	     2	1.9004	     0
0.1901	     0	1.9012	     0
0.1902	     0	1.9021	     0
0.1903	     0	1.9029	     0
0.1904	     0	1.9037	     0
0.1905	     1	1.9045	     0
0.1905	     0	1.9054	     0
0.1906	     1	1.9062	     0
0.1907	     0	1.9070	     0
0.1908	     1	1.9079	     0
0.1909	     0	1.9087	     0
0.1910	     0	1.9095	     0
0.1910	     0	1.9104	     0
0.1911	     2	1.9112	     0
0.1912	     0	1.9120	     0
0.1913	     0	1.9128	     0
0.1914	     0	1.9137	     0
0.1915	     1	1.9145	     0
0.1915	     0	1.9153	     0
0.1916	     0	1.9162	     0
0.1917	     0	1.9170	     0
0.1918	     0	1.9178	     0
0.1919	     0	1.9187	     0
0.1919	     1	1.9195	     0
0.1920	     0	1.9203	     0
0.1921	     0	1.9211	     0
0.1922	     0	1.9220	     0
0.1923	     0	1.9228	     0
0.1924	     1	1.9236	     0
0.1924	     0	1.9245	     0
0.1925	     0	1.9253	     0
0.1926	     0	1.9261	     0
0.1927	     0	1.9270	     0
0.1928	     0	1.9278	     0
0.1929	     0	1.9286	     0
0.1929	     0	1.9294	     0
0.1930	     1	1.9303	     0
0.1931	     0	1.9311	     0
0.1932	     0	1.9319	     0
0.1933	     0	1.9328	     0
0.1934	     0	1.9336	     0
0.1934	     0	1.9344	     0
0.1935	     0	1.9353	     0
0.1936	     0	1.9361	     0
0.1937	     0	1.9369	     0
0.1938	     0	1.9377	     0
0.1939	     0	1.9386	     0
0.1939	     0	1.9394	     0
0.1940	     0	1.9402	     0
0.1941	     0	1.9411	     0
0.1942	     0	1.9419	     0
0.1943	     1	1.9427	     0
0.1944	     0	1.9436	     0
0.1944	     0	1.9444	     0
0.1945	     0	1.9452	     0
0.1946	     1	1.9460	     0
0.1947	     0	1.9469	     0
0.1948	     1	1.9477	     0
0.1949	     0	1.9485	     0
0.1949	     0	1.9494	     0
0.1950	     1	1.9502	     0
0.1951	     0	1.9510	     0
0.1952	     0	1.9519	     0
0.1953	     1	1.9527	     0
0.1954	     0	1.9535	     0
0.1954	     0	1.9543	     0
0.1955	     0	1.9552	     0
0.1956	     0	1.9560	     0
0.1957	     0	1.9568	     0
0.1958	     1	1.9577	     0
0.1958	     0	1.9585	     0
0.1959	     0	1.9593	     0
0.1960	     1	1.9602	     0
0.1961	     0	1.9610	     0
0.1962	     1	1.9618	     0
0.1963	     0	1.9626	     0
0.1963	     0	1.9635	     0
0.1964	     0	1.9643	     0
0.1965	     0	1.9651	     0
0.1966	     0	1.9660	     0
0.1967	     0	1.9668	     0
0.1968	     0	1.9676	     0
0.1968	     1	1.9685	     0
0.1969	     1	1.9693	     0
0.1970	     0	1.9701	     0
0.1971	     0	1.9709	     0
0.1972	     0	1.9718	     0
0.1973	     0	1.9726	     0
0.1973	     0	1.9734	     0
0.1974	     0	1.9743	     0
0.1975	     1	1.9751	     0
0.1976	     0	1.9759	     0
0.1977	     2	1.9768	     0
0.1978	     0	1.9776	     0
0.1978	     0	1.9784	     0
0.1979	     1	1.9792	     0
0.1980	     0	1.9801	     0
0.1981	     0	1.9809	     0
0.1982	     1	1.9817	     0
0.1983	     1	1.9826	     0
0.1983	     0	1.9834	     0
0.1984	     0	1.9842	     0
0.1985	     0	1.9851	     0
0.1986	     0	1.9859	     0
0.1987	     0	1.9867	     0
0.1988	     0	1.9875	     0
0.1988	     0	1.9884	     0
0.1989	     0	1.9892	     0
0.1990	     0	1.9900	     0
0.1991	     0	1.9909	     0
0.1992	     0	1.9917	     0
0.1993	     0	1.9925	     0
0.1993	     0	1.9934	     0
0.1994	     0	1.9942	     0
0.1995	     0	1.9950	     0
0.1996	     0	1.9958	     0
0.1997	     0	1.9967	     0
0.1998	     1	1.9975	     0
0.1998	     1	1.9983	     0
0.1999	     1	1.9992	     0
