01/26/2022 14:24:37
LT: 189.91

0.0300	   109	0.3000	     0
0.0301	   152	0.3008	     0
0.0302	   205	0.3017	     0
0.0302	   206	0.3025	     0
0.0303	   204	0.3033	     0
0.0304	   183	0.3042	     0
0.0305	   169	0.3050	     0
0.0306	   178	0.3058	     0
0.0307	   207	0.3066	     0
0.0307	   183	0.3075	     0
0.0308	   164	0.3083	     0
0.0309	   165	0.3091	     0
0.0310	   182	0.3100	     0
0.0311	   212	0.3108	     0
0.0312	   190	0.3116	     0
0.0312	   154	0.3125	     0
0.0313	   198	0.3133	     0
0.0314	   193	0.3141	     0
0.0315	   190	0.3149	     0
0.0316	   181	0.3158	     0
0.0317	   197	0.3166	     0
0.0317	   210	0.3174	     0
0.0318	   238	0.3183	     0
0.0319	   214	0.3191	     0
0.0320	   188	0.3199	     0
0.0321	   197	0.3208	     0
0.0322	   174	0.3216	     0
0.0322	   178	0.3224	     0
0.0323	   181	0.3232	     0
0.0324	   187	0.3241	     0
0.0325	   199	0.3249	     0
0.0326	   182	0.3257	     0
0.0327	   172	0.3266	     0
0.0327	   180	0.3274	     0
0.0328	   183	0.3282	     0
0.0329	   191	0.3291	     0
0.0330	   191	0.3299	     0
0.0331	   182	0.3307	     0
0.0332	   160	0.3315	     0
0.0332	   196	0.3324	     0
0.0333	   209	0.3332	     0
0.0334	   178	0.3340	     0
0.0335	   178	0.3349	     0
0.0336	   189	0.3357	     0
0.0337	   192	0.3365	     0
0.0337	   172	0.3374	     0
0.0338	   213	0.3382	     0
0.0339	   182	0.3390	     0
0.0340	   219	0.3398	     0
0.0341	   179	0.3407	     0
0.0342	   215	0.3415	     0
0.0342	   207	0.3423	     0
0.0343	   198	0.3432	     0
0.0344	   236	0.3440	     0
0.0345	   205	0.3448	     0
0.0346	   191	0.3457	     0
0.0346	   179	0.3465	     0
0.0347	   206	0.3473	     0
0.0348	   201	0.3481	     0
0.0349	   198	0.3490	     0
0.0350	   228	0.3498	     0
0.0351	   210	0.3506	     0
0.0351	   185	0.3515	     0
0.0352	   207	0.3523	     0
0.0353	   194	0.3531	     0
0.0354	   220	0.3540	     0
0.0355	   224	0.3548	     0
0.0356	   243	0.3556	     0
0.0356	   243	0.3564	     0
0.0357	   234	0.3573	     0
0.0358	   247	0.3581	     0
0.0359	   242	0.3589	     0
0.0360	   251	0.3598	     0
0.0361	   257	0.3606	     0
0.0361	   233	0.3614	     0
0.0362	   242	0.3623	     0
0.0363	   266	0.3631	     0
0.0364	   219	0.3639	     0
0.0365	   240	0.3647	     0
0.0366	   235	0.3656	     0
0.0366	   278	0.3664	     0
0.0367	   225	0.3672	     0
0.0368	   258	0.3681	     0
0.0369	   250	0.3689	     0
0.0370	   272	0.3697	     0
0.0371	   252	0.3706	     0
0.0371	   234	0.3714	     0
0.0372	   257	0.3722	     0
0.0373	   244	0.3730	     0
0.0374	   256	0.3739	     0
0.0375	   244	0.3747	     0
0.0376	   257	0.3755	     0
0.0376	   249	0.3764	     0
0.0377	   259	0.3772	     0
0.0378	   257	0.3780	     0
0.0379	   251	0.3789	     0
0.0380	   266	0.3797	     0
0.0381	   210	0.3805	     0
0.0381	   250	0.3813	     0
0.0382	   259	0.3822	     0
0.0383	   252	0.3830	     0
0.0384	   244	0.3838	     0
0.0385	   246	0.3847	     0
0.0385	   250	0.3855	     0
0.0386	   243	0.3863	     0
0.0387	   240	0.3872	     0
0.0388	   253	0.3880	     0
0.0389	   229	0.3888	     0
0.0390	   233	0.3896	     0
0.0390	   273	0.3905	     0
0.0391	   266	0.3913	     0
0.0392	   226	0.3921	     0
0.0393	   235	0.3930	     0
0.0394	   254	0.3938	     0
0.0395	   234	0.3946	     0
0.0395	   261	0.3955	     0
0.0396	   234	0.3963	     0
0.0397	   248	0.3971	     0
0.0398	   244	0.3979	     0
0.0399	   218	0.3988	     0
0.0400	   231	0.3996	     0
0.0400	   213	0.4004	     0
0.0401	   239	0.4013	     0
0.0402	   220	0.4021	     0
0.0403	   231	0.4029	     0
0.0404	   213	0.4038	     0
0.0405	   228	0.4046	     0
0.0405	   226	0.4054	     0
0.0406	   211	0.4063	     0
0.0407	   205	0.4071	     0
0.0408	   195	0.4079	     0
0.0409	   231	0.4087	     0
0.0410	   229	0.4096	     0
0.0410	   211	0.4104	     0
0.0411	   192	0.4112	     0
0.0412	   258	0.4121	     0
0.0413	   173	0.4129	     0
0.0414	   201	0.4137	     0
0.0415	   222	0.4146	     0
0.0415	   229	0.4154	     0
0.0416	   203	0.4162	     0
0.0417	   231	0.4170	     0
0.0418	   210	0.4179	     0
0.0419	   206	0.4187	     0
0.0420	   197	0.4195	     0
0.0420	   190	0.4204	     0
0.0421	   219	0.4212	     0
0.0422	   215	0.4220	     0
0.0423	   196	0.4229	     0
0.0424	   190	0.4237	     0
0.0425	   212	0.4245	     0
0.0425	   197	0.4253	     0
0.0426	   199	0.4262	     0
0.0427	   202	0.4270	     0
0.0428	   217	0.4278	     0
0.0429	   204	0.4287	     0
0.0429	   212	0.4295	     0
0.0430	   182	0.4303	     0
0.0431	   211	0.4312	     0
0.0432	   205	0.4320	     0
0.0433	   205	0.4328	     0
0.0434	   203	0.4336	     0
0.0434	   224	0.4345	     0
0.0435	   179	0.4353	     0
0.0436	   192	0.4361	     0
0.0437	   191	0.4370	     0
0.0438	   184	0.4378	     0
0.0439	   208	0.4386	     0
0.0439	   211	0.4395	     0
0.0440	   189	0.4403	     0
0.0441	   195	0.4411	     0
0.0442	   194	0.4419	     0
0.0443	   173	0.4428	     0
0.0444	   192	0.4436	     0
0.0444	   193	0.4444	     0
0.0445	   221	0.4453	     0
0.0446	   210	0.4461	     0
0.0447	   176	0.4469	     0
0.0448	   227	0.4478	     0
0.0449	   183	0.4486	     0
0.0449	   211	0.4494	     0
0.0450	   187	0.4502	     0
0.0451	   187	0.4511	     0
0.0452	   204	0.4519	     0
0.0453	   197	0.4527	     0
0.0454	   189	0.4536	     0
0.0454	   197	0.4544	     0
0.0455	   174	0.4552	     0
0.0456	   185	0.4561	     0
0.0457	   199	0.4569	     0
0.0458	   194	0.4577	     0
0.0459	   202	0.4585	     0
0.0459	   204	0.4594	     0
0.0460	   222	0.4602	     0
0.0461	   179	0.4610	     0
0.0462	   168	0.4619	     0
0.0463	   176	0.4627	     0
0.0464	   172	0.4635	     0
0.0464	   199	0.4644	     0
0.0465	   181	0.4652	     0
0.0466	   202	0.4660	     0
0.0467	   183	0.4668	     0
0.0468	   180	0.4677	     0
0.0469	   201	0.4685	     0
0.0469	   201	0.4693	     0
0.0470	   168	0.4702	     0
0.0471	   175	0.4710	     0
0.0472	   185	0.4718	     0
0.0473	   176	0.4727	     0
0.0473	   177	0.4735	     0
0.0474	   171	0.4743	     0
0.0475	   217	0.4751	     0
0.0476	   189	0.4760	     0
0.0477	   184	0.4768	     0
0.0478	   201	0.4776	     0
0.0478	   176	0.4785	     0
0.0479	   183	0.4793	     0
0.0480	   191	0.4801	     0
0.0481	   177	0.4810	     0
0.0482	   171	0.4818	     0
0.0483	   179	0.4826	     0
0.0483	   188	0.4834	     0
0.0484	   185	0.4843	     0
0.0485	   181	0.4851	     0
0.0486	   170	0.4859	     0
0.0487	   215	0.4868	     0
0.0488	   172	0.4876	     0
0.0488	   169	0.4884	     0
0.0489	   155	0.4893	     0
0.0490	   198	0.4901	     0
0.0491	   193	0.4909	     0
0.0492	   180	0.4917	     0
0.0493	   190	0.4926	     0
0.0493	   181	0.4934	     0
0.0494	   172	0.4942	     0
0.0495	   208	0.4951	     0
0.0496	   188	0.4959	     0
0.0497	   159	0.4967	     0
0.0498	   173	0.4976	     0
0.0498	   177	0.4984	     0
0.0499	   209	0.4992	     0
0.0500	   159	0.5000	     0
0.0501	   168	0.5009	     0
0.0502	   209	0.5017	     0
0.0503	   162	0.5025	     0
0.0503	   150	0.5034	     0
0.0504	   180	0.5042	     0
0.0505	   194	0.5050	     0
0.0506	   135	0.5059	     0
0.0507	   149	0.5067	     0
0.0508	   156	0.5075	     0
0.0508	   175	0.5083	     0
0.0509	   148	0.5092	     0
0.0510	   164	0.5100	     0
0.0511	   179	0.5108	     0
0.0512	   177	0.5117	     0
0.0513	   161	0.5125	     0
0.0513	   166	0.5133	     0
0.0514	   162	0.5142	     0
0.0515	   176	0.5150	     0
0.0516	   157	0.5158	     0
0.0517	   190	0.5167	     0
0.0517	   155	0.5175	     0
0.0518	   159	0.5183	     0
0.0519	   172	0.5191	     0
0.0520	   187	0.5200	     0
0.0521	   172	0.5208	     0
0.0522	   153	0.5216	     0
0.0522	   157	0.5225	     0
0.0523	   162	0.5233	     0
0.0524	   168	0.5241	     0
0.0525	   161	0.5250	     0
0.0526	   141	0.5258	     0
0.0527	   136	0.5266	     0
0.0527	   179	0.5274	     0
0.0528	   187	0.5283	     0
0.0529	   164	0.5291	     0
0.0530	   165	0.5299	     0
0.0531	   171	0.5308	     0
0.0532	   166	0.5316	     0
0.0532	   166	0.5324	     0
0.0533	   133	0.5333	     0
0.0534	   157	0.5341	     0
0.0535	   171	0.5349	     0
0.0536	   173	0.5357	     0
0.0537	   184	0.5366	     0
0.0537	   159	0.5374	     0
0.0538	   171	0.5382	     0
0.0539	   166	0.5391	     0
0.0540	   141	0.5399	     0
0.0541	   169	0.5407	     0
0.0542	   164	0.5416	     0
0.0542	   176	0.5424	     0
0.0543	   166	0.5432	     0
0.0544	   159	0.5440	     0
0.0545	   168	0.5449	     0
0.0546	   178	0.5457	     0
0.0547	   183	0.5465	     0
0.0547	   168	0.5474	     0
0.0548	   164	0.5482	     0
0.0549	   173	0.5490	     0
0.0550	   148	0.5499	     0
0.0551	   159	0.5507	     0
0.0552	   176	0.5515	     0
0.0552	   153	0.5523	     0
0.0553	   161	0.5532	     0
0.0554	   155	0.5540	     0
0.0555	   163	0.5548	     0
0.0556	   159	0.5557	     0
0.0556	   146	0.5565	     0
0.0557	   168	0.5573	     0
0.0558	   167	0.5582	     0
0.0559	   144	0.5590	     0
0.0560	   138	0.5598	     0
0.0561	   147	0.5606	     0
0.0561	   168	0.5615	     0
0.0562	   163	0.5623	     0
0.0563	   165	0.5631	     0
0.0564	   163	0.5640	     0
0.0565	   154	0.5648	     0
0.0566	   149	0.5656	     0
0.0566	   173	0.5665	     0
0.0567	   160	0.5673	     0
0.0568	   166	0.5681	     0
0.0569	   156	0.5689	     0
0.0570	   156	0.5698	     0
0.0571	   166	0.5706	     0
0.0571	   150	0.5714	     0
0.0572	   172	0.5723	     0
0.0573	   156	0.5731	     0
0.0574	   157	0.5739	     0
0.0575	   135	0.5748	     0
0.0576	   155	0.5756	     0
0.0576	   135	0.5764	     0
0.0577	   130	0.5772	     0
0.0578	   147	0.5781	     0
0.0579	   170	0.5789	     0
0.0580	   185	0.5797	     0
0.0581	   189	0.5806	     0
0.0581	   158	0.5814	     0
0.0582	   162	0.5822	     0
0.0583	   157	0.5831	     0
0.0584	   177	0.5839	     0
0.0585	   161	0.5847	     0
0.0586	   163	0.5855	     0
0.0586	   159	0.5864	     0
0.0587	   166	0.5872	     0
0.0588	   156	0.5880	     0
0.0589	   155	0.5889	     0
0.0590	   156	0.5897	     0
0.0591	   164	0.5905	     0
0.0591	   157	0.5914	     0
0.0592	   167	0.5922	     0
0.0593	   162	0.5930	     0
0.0594	   149	0.5938	     0
0.0595	   160	0.5947	     0
0.0596	   146	0.5955	     0
0.0596	   142	0.5963	     0
0.0597	   158	0.5972	     0
0.0598	   156	0.5980	     0
0.0599	   152	0.5988	     0
0.0600	   139	0.5997	     0
0.0600	   157	0.6005	     0
0.0601	   145	0.6013	     0
0.0602	   153	0.6021	     0
0.0603	   165	0.6030	     0
0.0604	   158	0.6038	     0
0.0605	   145	0.6046	     0
0.0605	   185	0.6055	     0
0.0606	   150	0.6063	     0
0.0607	   164	0.6071	     0
0.0608	   155	0.6080	     0
0.0609	   144	0.6088	     0
0.0610	   147	0.6096	     0
0.0610	   135	0.6104	     0
0.0611	   162	0.6113	     0
0.0612	   155	0.6121	     0
0.0613	   142	0.6129	     0
0.0614	   148	0.6138	     0
0.0615	   169	0.6146	     0
0.0615	   167	0.6154	     0
0.0616	   150	0.6163	     0
0.0617	   160	0.6171	     0
0.0618	   159	0.6179	     0
0.0619	   154	0.6187	     0
0.0620	   140	0.6196	     0
0.0620	   134	0.6204	     0
0.0621	   155	0.6212	     0
0.0622	   162	0.6221	     0
0.0623	   124	0.6229	     0
0.0624	   168	0.6237	     0
0.0625	   156	0.6246	     0
0.0625	   159	0.6254	     0
0.0626	   167	0.6262	     0
0.0627	   134	0.6271	     0
0.0628	   162	0.6279	     0
0.0629	   155	0.6287	     0
0.0630	   151	0.6295	     0
0.0630	   157	0.6304	     0
0.0631	   148	0.6312	     0
0.0632	   162	0.6320	     0
0.0633	   147	0.6329	     0
0.0634	   146	0.6337	     0
0.0635	   146	0.6345	     0
0.0635	   164	0.6354	     0
0.0636	   133	0.6362	     0
0.0637	   166	0.6370	     0
0.0638	   165	0.6378	     0
0.0639	   147	0.6387	     0
0.0640	   123	0.6395	     0
0.0640	   162	0.6403	     0
0.0641	   171	0.6412	     0
0.0642	   143	0.6420	     0
0.0643	   152	0.6428	     0
0.0644	   167	0.6437	     0
0.0644	   155	0.6445	     0
0.0645	   135	0.6453	     0
0.0646	   126	0.6461	     0
0.0647	   157	0.6470	     0
0.0648	   156	0.6478	     0
0.0649	   140	0.6486	     0
0.0649	   155	0.6495	     0
0.0650	   153	0.6503	     0
0.0651	   131	0.6511	     0
0.0652	   167	0.6520	     0
0.0653	   147	0.6528	     0
0.0654	   150	0.6536	     0
0.0654	   139	0.6544	     0
0.0655	   126	0.6553	     0
0.0656	   139	0.6561	     0
0.0657	   135	0.6569	     0
0.0658	   138	0.6578	     0
0.0659	   141	0.6586	     0
0.0659	   153	0.6594	     0
0.0660	   135	0.6603	     0
0.0661	   168	0.6611	     0
0.0662	   133	0.6619	     0
0.0663	   145	0.6627	     0
0.0664	   141	0.6636	     0
0.0664	   170	0.6644	     0
0.0665	   139	0.6652	     0
0.0666	   137	0.6661	     0
0.0667	   148	0.6669	     0
0.0668	   166	0.6677	     0
0.0669	   144	0.6686	     0
0.0669	   152	0.6694	     0
0.0670	   157	0.6702	     0
0.0671	   148	0.6710	     0
0.0672	   142	0.6719	     0
0.0673	   141	0.6727	     0
0.0674	   161	0.6735	     0
0.0674	   163	0.6744	     0
0.0675	   131	0.6752	     0
0.0676	   152	0.6760	     0
0.0677	   152	0.6769	     0
0.0678	   156	0.6777	     0
0.0679	   152	0.6785	     0
0.0679	   152	0.6793	     0
0.0680	   158	0.6802	     0
0.0681	   174	0.6810	     0
0.0682	   130	0.6818	     0
0.0683	   155	0.6827	     0
0.0683	   155	0.6835	     0
0.0684	   147	0.6843	     0
0.0685	   169	0.6852	     0
0.0686	   152	0.6860	     0
0.0687	   147	0.6868	     0
0.0688	   140	0.6876	     0
0.0688	   152	0.6885	     0
0.0689	   149	0.6893	     0
0.0690	   141	0.6901	     0
0.0691	   141	0.6910	     0
0.0692	   141	0.6918	     0
0.0693	   154	0.6926	     0
0.0693	   134	0.6935	     0
0.0694	   146	0.6943	     0
0.0695	   159	0.6951	     0
0.0696	   148	0.6959	     0
0.0697	   140	0.6968	     0
0.0698	   178	0.6976	     0
0.0698	   167	0.6984	     0
0.0699	   150	0.6993	     0
0.0700	   119	0.7001	     0
0.0701	   155	0.7009	     0
0.0702	   132	0.7018	     0
0.0703	   131	0.7026	     0
0.0703	   144	0.7034	     0
0.0704	   135	0.7042	     0
0.0705	   141	0.7051	     0
0.0706	   136	0.7059	     0
0.0707	   128	0.7067	     0
0.0708	   134	0.7076	     0
0.0708	   135	0.7084	     0
0.0709	   120	0.7092	     0
0.0710	   140	0.7101	     0
0.0711	   156	0.7109	     0
0.0712	   156	0.7117	     0
0.0713	   159	0.7125	     0
0.0713	   139	0.7134	     0
0.0714	   154	0.7142	     0
0.0715	   155	0.7150	     0
0.0716	   144	0.7159	     0
0.0717	   147	0.7167	     0
0.0718	   128	0.7175	     0
0.0718	   147	0.7184	     0
0.0719	   127	0.7192	     0
0.0720	   148	0.7200	     0
0.0721	   160	0.7208	     0
0.0722	   144	0.7217	     0
0.0723	   169	0.7225	     0
0.0723	   173	0.7233	     0
0.0724	   140	0.7242	     0
0.0725	   147	0.7250	     0
0.0726	   147	0.7258	     0
0.0727	   153	0.7267	     0
0.0727	   147	0.7275	     0
0.0728	   153	0.7283	     0
0.0729	   155	0.7292	     0
0.0730	   119	0.7300	     0
0.0731	   146	0.7308	     0
0.0732	   167	0.7316	     0
0.0732	   145	0.7325	     0
0.0733	   137	0.7333	     0
0.0734	   158	0.7341	     0
0.0735	   157	0.7350	     0
0.0736	   130	0.7358	     0
0.0737	   155	0.7366	     0
0.0737	   140	0.7375	     0
0.0738	   141	0.7383	     0
0.0739	   152	0.7391	     0
0.0740	   146	0.7399	     0
0.0741	   156	0.7408	     0
0.0742	   136	0.7416	     0
0.0742	   143	0.7424	     0
0.0743	   140	0.7433	     0
0.0744	   158	0.7441	     0
0.0745	   139	0.7449	     0
0.0746	   142	0.7458	     0
0.0747	   133	0.7466	     0
0.0747	   160	0.7474	     0
0.0748	   170	0.7482	     0
0.0749	   182	0.7491	     0
0.0750	   164	0.7499	     0
0.0751	   154	0.7507	     0
0.0752	   145	0.7516	     0
0.0752	   133	0.7524	     0
0.0753	   129	0.7532	     0
0.0754	   147	0.7541	     0
0.0755	   145	0.7549	     0
0.0756	   159	0.7557	     0
0.0757	   163	0.7565	     0
0.0757	   163	0.7574	     0
0.0758	   140	0.7582	     0
0.0759	   152	0.7590	     0
0.0760	   163	0.7599	     0
0.0761	   167	0.7607	     0
0.0762	   155	0.7615	     0
0.0762	   136	0.7624	     0
0.0763	   158	0.7632	     0
0.0764	   143	0.7640	     0
0.0765	   180	0.7648	     0
0.0766	   129	0.7657	     0
0.0767	   133	0.7665	     0
0.0767	   160	0.7673	     0
0.0768	   134	0.7682	     0
0.0769	   156	0.7690	     0
0.0770	   142	0.7698	     0
0.0771	   162	0.7707	     0
0.0771	   180	0.7715	     0
0.0772	   167	0.7723	     0
0.0773	   161	0.7731	     0
0.0774	   134	0.7740	     0
0.0775	   143	0.7748	     0
0.0776	   172	0.7756	     0
0.0776	   139	0.7765	     0
0.0777	   151	0.7773	     0
0.0778	   158	0.7781	     0
0.0779	   168	0.7790	     0
0.0780	   142	0.7798	     0
0.0781	   165	0.7806	     0
0.0781	   151	0.7814	     0
0.0782	   160	0.7823	     0
0.0783	   151	0.7831	     0
0.0784	   153	0.7839	     0
0.0785	   159	0.7848	     0
0.0786	   160	0.7856	     0
0.0786	   166	0.7864	     0
0.0787	   150	0.7873	     0
0.0788	   161	0.7881	     0
0.0789	   165	0.7889	     0
0.0790	   147	0.7897	     0
0.0791	   127	0.7906	     0
0.0791	   170	0.7914	     0
0.0792	   154	0.7922	     0
0.0793	   167	0.7931	     0
0.0794	   143	0.7939	     0
0.0795	   143	0.7947	     0
0.0796	   170	0.7956	     0
0.0796	   167	0.7964	     0
0.0797	   147	0.7972	     0
0.0798	   180	0.7980	     0
0.0799	   179	0.7989	     0
0.0800	   152	0.7997	     0
0.0801	   156	0.8005	     0
0.0801	   164	0.8014	     0
0.0802	   176	0.8022	     0
0.0803	   154	0.8030	     0
0.0804	   145	0.8039	     0
0.0805	   144	0.8047	     0
0.0806	   173	0.8055	     0
0.0806	   162	0.8063	     0
0.0807	   172	0.8072	     0
0.0808	   145	0.8080	     0
0.0809	   140	0.8088	     0
0.0810	   183	0.8097	     0
0.0810	   186	0.8105	     0
0.0811	   152	0.8113	     0
0.0812	   176	0.8122	     0
0.0813	   168	0.8130	     0
0.0814	   166	0.8138	     0
0.0815	   150	0.8146	     0
0.0815	   170	0.8155	     0
0.0816	   139	0.8163	     0
0.0817	   136	0.8171	     0
0.0818	   160	0.8180	     0
0.0819	   157	0.8188	     0
0.0820	   168	0.8196	     0
0.0820	   151	0.8205	     0
0.0821	   159	0.8213	     0
0.0822	   145	0.8221	     0
0.0823	   147	0.8229	     0
0.0824	   172	0.8238	     0
0.0825	   161	0.8246	     0
0.0825	   161	0.8254	     0
0.0826	   168	0.8263	     0
0.0827	   129	0.8271	     0
0.0828	   145	0.8279	     0
0.0829	   155	0.8288	     0
0.0830	   170	0.8296	     0
0.0830	   142	0.8304	     0
0.0831	   149	0.8313	     0
0.0832	   150	0.8321	     0
0.0833	   145	0.8329	     0
0.0834	   149	0.8337	     0
0.0835	   163	0.8346	     0
0.0835	   167	0.8354	     0
0.0836	   164	0.8362	     0
0.0837	   137	0.8371	     0
0.0838	   145	0.8379	     0
0.0839	   157	0.8387	     0
0.0840	   147	0.8396	     0
0.0840	   173	0.8404	     0
0.0841	   144	0.8412	     0
0.0842	   148	0.8420	     0
0.0843	   170	0.8429	     0
0.0844	   138	0.8437	     0
0.0845	   138	0.8445	     0
0.0845	   164	0.8454	     0
0.0846	   136	0.8462	     0
0.0847	   155	0.8470	     0
0.0848	   143	0.8479	     0
0.0849	   139	0.8487	     0
0.0850	   166	0.8495	     0
0.0850	   161	0.8503	     0
0.0851	   142	0.8512	     0
0.0852	   125	0.8520	     0
0.0853	   151	0.8528	     0
0.0854	   133	0.8537	     0
0.0854	   141	0.8545	     0
0.0855	   134	0.8553	     0
0.0856	   151	0.8562	     0
0.0857	   147	0.8570	     0
0.0858	   136	0.8578	     0
0.0859	   130	0.8586	     0
0.0859	   141	0.8595	     0
0.0860	   112	0.8603	     0
0.0861	   137	0.8611	     0
0.0862	   115	0.8620	     0
0.0863	   134	0.8628	     0
0.0864	   126	0.8636	     0
0.0864	   119	0.8645	     0
0.0865	   132	0.8653	     0
0.0866	   141	0.8661	     0
0.0867	   119	0.8669	     0
0.0868	   153	0.8678	     0
0.0869	   137	0.8686	     0
0.0869	   142	0.8694	     0
0.0870	   123	0.8703	     0
0.0871	   118	0.8711	     0
0.0872	   117	0.8719	     0
0.0873	   127	0.8728	     0
0.0874	   116	0.8736	     0
0.0874	   119	0.8744	     0
0.0875	   123	0.8752	     0
0.0876	   143	0.8761	     0
0.0877	   127	0.8769	     0
0.0878	   122	0.8777	     0
0.0879	   130	0.8786	     0
0.0879	   113	0.8794	     0
0.0880	   110	0.8802	     0
0.0881	   133	0.8811	     0
0.0882	    96	0.8819	     0
0.0883	   110	0.8827	     0
0.0884	   111	0.8835	     0
0.0884	    92	0.8844	     0
0.0885	   101	0.8852	     0
0.0886	   125	0.8860	     0
0.0887	   101	0.8869	     0
0.0888	   105	0.8877	     0
0.0889	   116	0.8885	     0
0.0889	   121	0.8894	     0
0.0890	    95	0.8902	     0
0.0891	   115	0.8910	     0
0.0892	   106	0.8918	     0
0.0893	    99	0.8927	     0
0.0894	    98	0.8935	     0
0.0894	    86	0.8943	     0
0.0895	   113	0.8952	     0
0.0896	   101	0.8960	     0
0.0897	    88	0.8968	     0
0.0898	    91	0.8977	     0
0.0898	   104	0.8985	     0
0.0899	    92	0.8993	     0
0.0900	    96	0.9001	     0
0.0901	    99	0.9010	     0
0.0902	    94	0.9018	     0
0.0903	    95	0.9026	     0
0.0903	   109	0.9035	     0
0.0904	   114	0.9043	     0
0.0905	    96	0.9051	     0
0.0906	    95	0.9060	     0
0.0907	    87	0.9068	     0
0.0908	    95	0.9076	     0
0.0908	    99	0.9084	     0
0.0909	   107	0.9093	     0
0.0910	    92	0.9101	     0
0.0911	    90	0.9109	     0
0.0912	    79	0.9118	     0
0.0913	    86	0.9126	     0
0.0913	    97	0.9134	     0
0.0914	    98	0.9143	     0
0.0915	    89	0.9151	     0
0.0916	   100	0.9159	     0
0.0917	    86	0.9167	     0
0.0918	    89	0.9176	     0
0.0918	    75	0.9184	     0
0.0919	    96	0.9192	     0
0.0920	    89	0.9201	     0
0.0921	    85	0.9209	     0
0.0922	    81	0.9217	     0
0.0923	    94	0.9226	     0
0.0923	    75	0.9234	     0
0.0924	   100	0.9242	     0
0.0925	    71	0.9250	     0
0.0926	   100	0.9259	     0
0.0927	    90	0.9267	     0
0.0928	    76	0.9275	     0
0.0928	    78	0.9284	     0
0.0929	    83	0.9292	     0
0.0930	    76	0.9300	     0
0.0931	    88	0.9309	     0
0.0932	    74	0.9317	     0
0.0933	    70	0.9325	     0
0.0933	    68	0.9333	     0
0.0934	    83	0.9342	     0
0.0935	    86	0.9350	     0
0.0936	    62	0.9358	     0
0.0937	    74	0.9367	     0
0.0938	    93	0.9375	     0
0.0938	    61	0.9383	     0
0.0939	    77	0.9392	     0
0.0940	    86	0.9400	     0
0.0941	    65	0.9408	     0
0.0942	    71	0.9417	     0
0.0942	    77	0.9425	     0
0.0943	    87	0.9433	     0
0.0944	    68	0.9441	     0
0.0945	    81	0.9450	     0
0.0946	    68	0.9458	     0
0.0947	    85	0.9466	     0
0.0947	    79	0.9475	     0
0.0948	    71	0.9483	     0
0.0949	    82	0.9491	     0
0.0950	    95	0.9500	     0
0.0951	    75	0.9508	     0
0.0952	    73	0.9516	     0
0.0952	    78	0.9524	     0
0.0953	    88	0.9533	     0
0.0954	    54	0.9541	     0
0.0955	    77	0.9549	     0
0.0956	    61	0.9558	     0
0.0957	    93	0.9566	     0
0.0957	    79	0.9574	     0
0.0958	    70	0.9583	     0
0.0959	    87	0.9591	     0
0.0960	    88	0.9599	     0
0.0961	    72	0.9607	     0
0.0962	    88	0.9616	     0
0.0962	    83	0.9624	     0
0.0963	    87	0.9632	     0
0.0964	    88	0.9641	     0
0.0965	    68	0.9649	     0
0.0966	    64	0.9657	     0
0.0967	    83	0.9666	     0
0.0967	    64	0.9674	     0
0.0968	    70	0.9682	     0
0.0969	    57	0.9690	     0
0.0970	    76	0.9699	     0
0.0971	    82	0.9707	     0
0.0972	    72	0.9715	     0
0.0972	    81	0.9724	     0
0.0973	    83	0.9732	     0
0.0974	    66	0.9740	     0
0.0975	    76	0.9749	     0
0.0976	    84	0.9757	     0
0.0977	    53	0.9765	     0
0.0977	    81	0.9773	     0
0.0978	    79	0.9782	     0
0.0979	    83	0.9790	     0
0.0980	    84	0.9798	     0
0.0981	    71	0.9807	     0
0.0981	    89	0.9815	     0
0.0982	    76	0.9823	     0
0.0983	    73	0.9832	     0
0.0984	    73	0.9840	     0
0.0985	    84	0.9848	     0
0.0986	   105	0.9856	     0
0.0986	    83	0.9865	     0
0.0987	    70	0.9873	     0
0.0988	    76	0.9881	     0
0.0989	    76	0.9890	     0
0.0990	    82	0.9898	     0
0.0991	    88	0.9906	     0
0.0991	    83	0.9915	     0
0.0992	    71	0.9923	     0
0.0993	    76	0.9931	     0
0.0994	    86	0.9939	     0
0.0995	    96	0.9948	     0
0.0996	    64	0.9956	     0
0.0996	    68	0.9964	     0
0.0997	    67	0.9973	     0
0.0998	    79	0.9981	     0
0.0999	    76	0.9989	     0
0.1000	    87	0.9998	     0
0.1001	    82	1.0006	     0
0.1001	    73	1.0014	     0
0.1002	    75	1.0022	     0
0.1003	    70	1.0031	     0
0.1004	    68	1.0039	     0
0.1005	    75	1.0047	     0
0.1006	    70	1.0056	     0
0.1006	    81	1.0064	     0
0.1007	    83	1.0072	     0
0.1008	    78	1.0081	     0
0.1009	    86	1.0089	     0
0.1010	    79	1.0097	     0
0.1011	    90	1.0105	     0
0.1011	    93	1.0114	     0
0.1012	    78	1.0122	     0
0.1013	    80	1.0130	     0
0.1014	    67	1.0139	     0
0.1015	    73	1.0147	     0
0.1016	    77	1.0155	     0
0.1016	   100	1.0164	     0
0.1017	    73	1.0172	     0
0.1018	    75	1.0180	     0
0.1019	    68	1.0188	     0
0.1020	    74	1.0197	     0
0.1021	    82	1.0205	     0
0.1021	    75	1.0213	     0
0.1022	    77	1.0222	     0
0.1023	    66	1.0230	     0
0.1024	    79	1.0238	     0
0.1025	    76	1.0247	     0
0.1025	    76	1.0255	     0
0.1026	    85	1.0263	     0
0.1027	    75	1.0271	     0
0.1028	    56	1.0280	     0
0.1029	    87	1.0288	     0
0.1030	    80	1.0296	     0
0.1030	    80	1.0305	     0
0.1031	   101	1.0313	     0
0.1032	    68	1.0321	     0
0.1033	    84	1.0330	     0
0.1034	    80	1.0338	     0
0.1035	    71	1.0346	     0
0.1035	    92	1.0354	     0
0.1036	    74	1.0363	     0
0.1037	    75	1.0371	     0
0.1038	    81	1.0379	     0
0.1039	    81	1.0388	     0
0.1040	    70	1.0396	     0
0.1040	    74	1.0404	     0
0.1041	    82	1.0413	     0
0.1042	    77	1.0421	     0
0.1043	    79	1.0429	     0
0.1044	    83	1.0438	     0
0.1045	    65	1.0446	     0
0.1045	    63	1.0454	     0
0.1046	   102	1.0462	     0
0.1047	    81	1.0471	     0
0.1048	    96	1.0479	     0
0.1049	    82	1.0487	     0
0.1050	    74	1.0496	     0
0.1050	    82	1.0504	     0
0.1051	    78	1.0512	     0
0.1052	    92	1.0521	     0
0.1053	    88	1.0529	     0
0.1054	    73	1.0537	     0
0.1055	    84	1.0545	     0
0.1055	    73	1.0554	     0
0.1056	    82	1.0562	     0
0.1057	    81	1.0570	     0
0.1058	    90	1.0579	     0
0.1059	    69	1.0587	     0
0.1060	    81	1.0595	     0
0.1060	    83	1.0604	     0
0.1061	    96	1.0612	     0
0.1062	    78	1.0620	     0
0.1063	    78	1.0628	     0
0.1064	    74	1.0637	     0
0.1065	    96	1.0645	     0
0.1065	    97	1.0653	     0
0.1066	    70	1.0662	     0
0.1067	    82	1.0670	     0
0.1068	    83	1.0678	     0
0.1069	    79	1.0687	     0
0.1069	    98	1.0695	     0
0.1070	    69	1.0703	     0
0.1071	   102	1.0711	     0
0.1072	    82	1.0720	     0
0.1073	    77	1.0728	     0
0.1074	    79	1.0736	     0
0.1074	    77	1.0745	     0
0.1075	    73	1.0753	     0
0.1076	    77	1.0761	     0
0.1077	    86	1.0770	     0
0.1078	    89	1.0778	     0
0.1079	    86	1.0786	     0
0.1079	    84	1.0794	     0
0.1080	    84	1.0803	     0
0.1081	   109	1.0811	     0
0.1082	   115	1.0819	     0
0.1083	    91	1.0828	     0
0.1084	    83	1.0836	     0
0.1084	    89	1.0844	     0
0.1085	    93	1.0853	     0
0.1086	    72	1.0861	     0
0.1087	    84	1.0869	     0
0.1088	    93	1.0877	     0
0.1089	   100	1.0886	     0
0.1089	    88	1.0894	     0
0.1090	    84	1.0902	     0
0.1091	    87	1.0911	     0
0.1092	   104	1.0919	     0
0.1093	    87	1.0927	     0
0.1094	    87	1.0936	     0
0.1094	    90	1.0944	     0
0.1095	    89	1.0952	     0
0.1096	    80	1.0960	     0
0.1097	    93	1.0969	     0
0.1098	    99	1.0977	     0
0.1099	    93	1.0985	     0
0.1099	    94	1.0994	     0
0.1100	   103	1.1002	     0
0.1101	    80	1.1010	     0
0.1102	    81	1.1019	     0
0.1103	   107	1.1027	     0
0.1104	   119	1.1035	     0
0.1104	   107	1.1043	     0
0.1105	    86	1.1052	     0
0.1106	    75	1.1060	     0
0.1107	   119	1.1068	     0
0.1108	   104	1.1077	     0
0.1108	   110	1.1085	     0
0.1109	    77	1.1093	     0
0.1110	   105	1.1102	     0
0.1111	    98	1.1110	     0
0.1112	   106	1.1118	     0
0.1113	   108	1.1126	     0
0.1113	    94	1.1135	     0
0.1114	    86	1.1143	     0
0.1115	    96	1.1151	     0
0.1116	    88	1.1160	     0
0.1117	    92	1.1168	     0
0.1118	   103	1.1176	     0
0.1118	    86	1.1185	     0
0.1119	    96	1.1193	     0
0.1120	    98	1.1201	     0
0.1121	   100	1.1209	     0
0.1122	   105	1.1218	     0
0.1123	    95	1.1226	     0
0.1123	   124	1.1234	     0
0.1124	    94	1.1243	     0
0.1125	   101	1.1251	     0
0.1126	   106	1.1259	     0
0.1127	   101	1.1268	     0
0.1128	   106	1.1276	     0
0.1128	   113	1.1284	     0
0.1129	   130	1.1292	     0
0.1130	   100	1.1301	     0
0.1131	   101	1.1309	     0
0.1132	   109	1.1317	     0
0.1133	    99	1.1326	     0
0.1133	   105	1.1334	     0
0.1134	   126	1.1342	     0
0.1135	   116	1.1351	     0
0.1136	   107	1.1359	     0
0.1137	   139	1.1367	     0
0.1138	   127	1.1375	     0
0.1138	   130	1.1384	     0
0.1139	   134	1.1392	     0
0.1140	   128	1.1400	     0
0.1141	   143	1.1409	     0
0.1142	   133	1.1417	     0
0.1143	   144	1.1425	     0
0.1143	   132	1.1434	     0
0.1144	   156	1.1442	     0
0.1145	   152	1.1450	     0
0.1146	   174	1.1458	     0
0.1147	   134	1.1467	     0
0.1148	   165	1.1475	     0
0.1148	   134	1.1483	     0
0.1149	   178	1.1492	     0
0.1150	   155	1.1500	     0
0.1151	   189	1.1508	     0
0.1152	   191	1.1517	     0
0.1152	   186	1.1525	     0
0.1153	   186	1.1533	     0
0.1154	   179	1.1542	     0
0.1155	   185	1.1550	     0
0.1156	   181	1.1558	     0
0.1157	   178	1.1566	     0
0.1157	   215	1.1575	     0
0.1158	   215	1.1583	     0
0.1159	   234	1.1591	     0
0.1160	   230	1.1600	     0
0.1161	   240	1.1608	     0
0.1162	   243	1.1616	     0
0.1162	   262	1.1625	     0
0.1163	   249	1.1633	     0
0.1164	   260	1.1641	     0
0.1165	   298	1.1649	     0
0.1166	   284	1.1658	     0
0.1167	   256	1.1666	     0
0.1167	   268	1.1674	     0
0.1168	   276	1.1683	     0
0.1169	   304	1.1691	     0
0.1170	   274	1.1699	     0
0.1171	   341	1.1708	     0
0.1172	   320	1.1716	     0
0.1172	   381	1.1724	     0
0.1173	   377	1.1732	     0
0.1174	   389	1.1741	     0
0.1175	   380	1.1749	     0
0.1176	   364	1.1757	     0
0.1177	   425	1.1766	     0
0.1177	   409	1.1774	     0
0.1178	   437	1.1782	     0
0.1179	   448	1.1791	     0
0.1180	   471	1.1799	     0
0.1181	   488	1.1807	     0
0.1182	   492	1.1815	     0
0.1182	   515	1.1824	     0
0.1183	   488	1.1832	     0
0.1184	   524	1.1840	     0
0.1185	   596	1.1849	     0
0.1186	   598	1.1857	     0
0.1187	   575	1.1865	     0
0.1187	   591	1.1874	     0
0.1188	   608	1.1882	     0
0.1189	   626	1.1890	     0
0.1190	   662	1.1898	     0
0.1191	   669	1.1907	     0
0.1192	   708	1.1915	     0
0.1192	   715	1.1923	     0
0.1193	   766	1.1932	     0
0.1194	   771	1.1940	     0
0.1195	   739	1.1948	     0
0.1196	   842	1.1957	     0
0.1196	   763	1.1965	     0
0.1197	   780	1.1973	     0
0.1198	   874	1.1981	     0
0.1199	   821	1.1990	     0
0.1200	   928	1.1998	     0
0.1201	   880	1.2006	     0
0.1201	   941	1.2015	     0
0.1202	   957	1.2023	     0
0.1203	   949	1.2031	     0
0.1204	   993	1.2040	     0
0.1205	   985	1.2048	     0
0.1206	  1008	1.2056	     0
0.1206	  1046	1.2064	     0
0.1207	  1213	1.2073	     0
0.1208	  1101	1.2081	     0
0.1209	  1151	1.2089	     0
0.1210	  1171	1.2098	     0
0.1211	  1200	1.2106	     0
0.1211	  1161	1.2114	     0
0.1212	  1202	1.2123	     0
0.1213	  1219	1.2131	     0
0.1214	  1202	1.2139	     0
0.1215	  1302	1.2147	     0
0.1216	  1257	1.2156	     0
0.1216	  1348	1.2164	     0
0.1217	  1389	1.2172	     0
0.1218	  1366	1.2181	     0
0.1219	  1408	1.2189	     0
0.1220	  1447	1.2197	     0
0.1221	  1387	1.2206	     0
0.1221	  1434	1.2214	     0
0.1222	  1491	1.2222	     0
0.1223	  1512	1.2230	     0
0.1224	  1480	1.2239	     0
0.1225	  1493	1.2247	     0
0.1226	  1558	1.2255	     0
0.1226	  1564	1.2264	     0
0.1227	  1535	1.2272	     0
0.1228	  1578	1.2280	     0
0.1229	  1663	1.2289	     0
0.1230	  1563	1.2297	     0
0.1231	  1593	1.2305	     0
0.1231	  1608	1.2313	     0
0.1232	  1717	1.2322	     0
0.1233	  1586	1.2330	     0
0.1234	  1721	1.2338	     0
0.1235	  1676	1.2347	     0
0.1235	  1718	1.2355	     0
0.1236	  1713	1.2363	     0
0.1237	  1784	1.2372	     0
0.1238	  1744	1.2380	     0
0.1239	  1681	1.2388	     0
0.1240	  1765	1.2396	     0
0.1240	  1795	1.2405	     0
0.1241	  1724	1.2413	     0
0.1242	  1701	1.2421	     0
0.1243	  1733	1.2430	     0
0.1244	  1762	1.2438	     0
0.1245	  1741	1.2446	     0
0.1245	  1753	1.2455	     0
0.1246	  1759	1.2463	     0
0.1247	  1776	1.2471	     0
0.1248	  1876	1.2479	     0
0.1249	  1635	1.2488	     0
0.1250	  1783	1.2496	     0
0.1250	  1778	1.2504	     0
0.1251	  1710	1.2513	     0
0.1252	  1764	1.2521	     0
0.1253	  1738	1.2529	     0
0.1254	  1660	1.2538	     0
0.1255	  1604	1.2546	     0
0.1255	  1741	1.2554	     0
0.1256	  1658	1.2562	     0
0.1257	  1653	1.2571	     0
0.1258	  1735	1.2579	     0
0.1259	  1625	1.2587	     0
0.1260	  1599	1.2596	     0
0.1260	  1619	1.2604	     0
0.1261	  1532	1.2612	     0
0.1262	  1504	1.2621	     0
0.1263	  1515	1.2629	     0
0.1264	  1531	1.2637	     0
0.1265	  1555	1.2646	     0
0.1265	  1490	1.2654	     0
0.1266	  1457	1.2662	     0
0.1267	  1508	1.2670	     0
0.1268	  1414	1.2679	     0
0.1269	  1384	1.2687	     0
0.1270	  1369	1.2695	     0
0.1270	  1377	1.2704	     0
0.1271	  1308	1.2712	     0
0.1272	  1347	1.2720	     0
0.1273	  1296	1.2729	     0
0.1274	  1240	1.2737	     0
0.1275	  1258	1.2745	     0
0.1275	  1268	1.2753	     0
0.1276	  1231	1.2762	     0
0.1277	  1300	1.2770	     0
0.1278	  1188	1.2778	     0
0.1279	  1157	1.2787	     0
0.1279	  1164	1.2795	     0
0.1280	  1105	1.2803	     0
0.1281	  1052	1.2812	     0
0.1282	  1068	1.2820	     0
0.1283	  1016	1.2828	     0
0.1284	   982	1.2836	     0
0.1284	   976	1.2845	     0
0.1285	   991	1.2853	     0
0.1286	   944	1.2861	     0
0.1287	   918	1.2870	     0
0.1288	   866	1.2878	     0
0.1289	   831	1.2886	     0
0.1289	   768	1.2895	     0
0.1290	   861	1.2903	     0
0.1291	   771	1.2911	     0
0.1292	   769	1.2919	     0
0.1293	   714	1.2928	     0
0.1294	   722	1.2936	     0
0.1294	   692	1.2944	     0
0.1295	   672	1.2953	     0
0.1296	   647	1.2961	     0
0.1297	   574	1.2969	     0
0.1298	   622	1.2978	     0
0.1299	   637	1.2986	     0
0.1299	   574	1.2994	     0
0.1300	   572	1.3002	     0
0.1301	   570	1.3011	     0
0.1302	   490	1.3019	     0
0.1303	   486	1.3027	     0
0.1304	   519	1.3036	     0
0.1304	   499	1.3044	     0
0.1305	   463	1.3052	     0
0.1306	   421	1.3061	     0
0.1307	   414	1.3069	     0
0.1308	   408	1.3077	     0
0.1309	   368	1.3085	     0
0.1309	   375	1.3094	     0
0.1310	   367	1.3102	     0
0.1311	   339	1.3110	     0
0.1312	   293	1.3119	     0
0.1313	   318	1.3127	     0
0.1314	   286	1.3135	     0
0.1314	   279	1.3144	     0
0.1315	   235	1.3152	     0
0.1316	   256	1.3160	     0
0.1317	   242	1.3168	     0
0.1318	   229	1.3177	     0
0.1319	   228	1.3185	     0
0.1319	   214	1.3193	     0
0.1320	   189	1.3202	     0
0.1321	   172	1.3210	     0
0.1322	   176	1.3218	     0
0.1323	   165	1.3227	     0
0.1323	   166	1.3235	     0
0.1324	   158	1.3243	     0
0.1325	   163	1.3251	     0
0.1326	   153	1.3260	     0
0.1327	   140	1.3268	     0
0.1328	   139	1.3276	     0
0.1328	   111	1.3285	     0
0.1329	   120	1.3293	     0
0.1330	   104	1.3301	     0
0.1331	   121	1.3310	     0
0.1332	    91	1.3318	     0
0.1333	    97	1.3326	     0
0.1333	    90	1.3334	     0
0.1334	    98	1.3343	     0
0.1335	    93	1.3351	     0
0.1336	    65	1.3359	     0
0.1337	    71	1.3368	     0
0.1338	    55	1.3376	     0
0.1338	    56	1.3384	     0
0.1339	    53	1.3393	     0
0.1340	    59	1.3401	     0
0.1341	    49	1.3409	     0
0.1342	    46	1.3417	     0
0.1343	    47	1.3426	     0
0.1343	    46	1.3434	     0
0.1344	    49	1.3442	     0
0.1345	    30	1.3451	     0
0.1346	    35	1.3459	     0
0.1347	    32	1.3467	     0
0.1348	    19	1.3476	     0
0.1348	    37	1.3484	     0
0.1349	    20	1.3492	     0
0.1350	    25	1.3500	     0
0.1351	    25	1.3509	     0
0.1352	    27	1.3517	     0
0.1353	    29	1.3525	     0
0.1353	    21	1.3534	     0
0.1354	    21	1.3542	     0
0.1355	    24	1.3550	     0
0.1356	    21	1.3559	     0
0.1357	    21	1.3567	     0
0.1358	    14	1.3575	     0
0.1358	    13	1.3583	     0
0.1359	    14	1.3592	     0
0.1360	    13	1.3600	     0
0.1361	    12	1.3608	     0
0.1362	    12	1.3617	     0
0.1363	    11	1.3625	     0
0.1363	     8	1.3633	     0
0.1364	     8	1.3642	     0
0.1365	     7	1.3650	     0
0.1366	     9	1.3658	     0
0.1367	    10	1.3667	     0
0.1367	     8	1.3675	     0
0.1368	     4	1.3683	     0
0.1369	    11	1.3691	     0
0.1370	     5	1.3700	     0
0.1371	     4	1.3708	     0
0.1372	     3	1.3716	     0
0.1372	     6	1.3725	     0
0.1373	     5	1.3733	     0
0.1374	     7	1.3741	     0
0.1375	     1	1.3750	     0
0.1376	     7	1.3758	     0
0.1377	     4	1.3766	     0
0.1377	     5	1.3774	     0
0.1378	     1	1.3783	     0
0.1379	    11	1.3791	     0
0.1380	     6	1.3799	     0
0.1381	     5	1.3808	     0
0.1382	     7	1.3816	     0
0.1382	     6	1.3824	     0
0.1383	     3	1.3833	     0
0.1384	     4	1.3841	     0
0.1385	     6	1.3849	     0
0.1386	     5	1.3857	     0
0.1387	     3	1.3866	     0
0.1387	     4	1.3874	     0
0.1388	     2	1.3882	     0
0.1389	     2	1.3891	     0
0.1390	     8	1.3899	     0
0.1391	     2	1.3907	     0
0.1392	     3	1.3916	     0
0.1392	     5	1.3924	     0
0.1393	     7	1.3932	     0
0.1394	     2	1.3940	     0
0.1395	     6	1.3949	     0
0.1396	     6	1.3957	     0
0.1397	     3	1.3965	     0
0.1397	     4	1.3974	     0
0.1398	     6	1.3982	     0
0.1399	     6	1.3990	     0
0.1400	     2	1.3999	     0
0.1401	     2	1.4007	     0
0.1402	     2	1.4015	     0
0.1402	     4	1.4023	     0
0.1403	     9	1.4032	     0
0.1404	     8	1.4040	     0
0.1405	     0	1.4048	     0
0.1406	     2	1.4057	     0
0.1406	     3	1.4065	     0
0.1407	     3	1.4073	     0
0.1408	     4	1.4082	     0
0.1409	     3	1.4090	     0
0.1410	     1	1.4098	     0
0.1411	     2	1.4106	     0
0.1411	     4	1.4115	     0
0.1412	     2	1.4123	     0
0.1413	     8	1.4131	     0
0.1414	     4	1.4140	     0
0.1415	     6	1.4148	     0
0.1416	     1	1.4156	     0
0.1416	     1	1.4165	     0
0.1417	     4	1.4173	     0
0.1418	     4	1.4181	     0
0.1419	     2	1.4189	     0
0.1420	     5	1.4198	     0
0.1421	     3	1.4206	     0
0.1421	     2	1.4214	     0
0.1422	     3	1.4223	     0
0.1423	     1	1.4231	     0
0.1424	     4	1.4239	     0
0.1425	     4	1.4248	     0
0.1426	     2	1.4256	     0
0.1426	     1	1.4264	     0
0.1427	     1	1.4272	     0
0.1428	     4	1.4281	     0
0.1429	     1	1.4289	     0
0.1430	     3	1.4297	     0
0.1431	     6	1.4306	     0
0.1431	    13	1.4314	     0
0.1432	     3	1.4322	     0
0.1433	     3	1.4331	     0
0.1434	     1	1.4339	     0
0.1435	     3	1.4347	     0
0.1436	     5	1.4355	     0
0.1436	     4	1.4364	     0
0.1437	     2	1.4372	     0
0.1438	     0	1.4380	     0
0.1439	     5	1.4389	     0
0.1440	     6	1.4397	     0
0.1441	     5	1.4405	     0
0.1441	     1	1.4414	     0
0.1442	     2	1.4422	     0
0.1443	     5	1.4430	     0
0.1444	     5	1.4438	     0
0.1445	     3	1.4447	     0
0.1446	     5	1.4455	     0
0.1446	     3	1.4463	     0
0.1447	     4	1.4472	     0
0.1448	     1	1.4480	     0
0.1449	     2	1.4488	     0
0.1450	     3	1.4497	     0
0.1450	     3	1.4505	     0
0.1451	     5	1.4513	     0
0.1452	     5	1.4521	     0
0.1453	     1	1.4530	     0
0.1454	     3	1.4538	     0
0.1455	     2	1.4546	     0
0.1455	     3	1.4555	     0
0.1456	     5	1.4563	     0
0.1457	     4	1.4571	     0
0.1458	     4	1.4580	     0
0.1459	     6	1.4588	     0
0.1460	     2	1.4596	     0
0.1460	     4	1.4604	     0
0.1461	     4	1.4613	     0
0.1462	     3	1.4621	     0
0.1463	     1	1.4629	     0
0.1464	     2	1.4638	     0
0.1465	     2	1.4646	     0
0.1465	     2	1.4654	     0
0.1466	     2	1.4663	     0
0.1467	     6	1.4671	     0
0.1468	     3	1.4679	     0
0.1469	     3	1.4688	     0
0.1470	     6	1.4696	     0
0.1470	     4	1.4704	     0
0.1471	     2	1.4712	     0
0.1472	     4	1.4721	     0
0.1473	     2	1.4729	     0
0.1474	     6	1.4737	     0
0.1475	     5	1.4746	     0
0.1475	     2	1.4754	     0
0.1476	     1	1.4762	     0
0.1477	     6	1.4771	     0
0.1478	     4	1.4779	     0
0.1479	     3	1.4787	     0
0.1480	     3	1.4795	     0
0.1480	     2	1.4804	     0
0.1481	     0	1.4812	     0
0.1482	     3	1.4820	     0
0.1483	     7	1.4829	     0
0.1484	    11	1.4837	     0
0.1485	     7	1.4845	     0
0.1485	     6	1.4854	     0
0.1486	     2	1.4862	     0
0.1487	     3	1.4870	     0
0.1488	     1	1.4878	     0
0.1489	     4	1.4887	     0
0.1490	     4	1.4895	     0
0.1490	     4	1.4903	     0
0.1491	     3	1.4912	     0
0.1492	     1	1.4920	     0
0.1493	     5	1.4928	     0
0.1494	     4	1.4937	     0
0.1494	     2	1.4945	     0
0.1495	     6	1.4953	     0
0.1496	     6	1.4961	     0
0.1497	     2	1.4970	     0
0.1498	     2	1.4978	     0
0.1499	     5	1.4986	     0
0.1499	     3	1.4995	     0
0.1500	     7	1.5003	     0
0.1501	     5	1.5011	     0
0.1502	     5	1.5020	     0
0.1503	     4	1.5028	     0
0.1504	     4	1.5036	     0
0.1504	     4	1.5044	     0
0.1505	     5	1.5053	     0
0.1506	     4	1.5061	     0
0.1507	     1	1.5069	     0
0.1508	     3	1.5078	     0
0.1509	     3	1.5086	     0
0.1509	     3	1.5094	     0
0.1510	     5	1.5103	     0
0.1511	     4	1.5111	     0
0.1512	     5	1.5119	     0
0.1513	     5	1.5127	     0
0.1514	     1	1.5136	     0
0.1514	    11	1.5144	     0
0.1515	     5	1.5152	     0
0.1516	     2	1.5161	     0
0.1517	     9	1.5169	     0
0.1518	     3	1.5177	     0
0.1519	     3	1.5186	     0
0.1519	     3	1.5194	     0
0.1520	     5	1.5202	     0
0.1521	     4	1.5210	     0
0.1522	     7	1.5219	     0
0.1523	     1	1.5227	     0
0.1524	     2	1.5235	     0
0.1524	     1	1.5244	     0
0.1525	     4	1.5252	     0
0.1526	     3	1.5260	     0
0.1527	     2	1.5269	     0
0.1528	     2	1.5277	     0
0.1529	     4	1.5285	     0
0.1529	     5	1.5293	     0
0.1530	     1	1.5302	     0
0.1531	     1	1.5310	     0
0.1532	     3	1.5318	     0
0.1533	     1	1.5327	     0
0.1533	     3	1.5335	     0
0.1534	     1	1.5343	     0
0.1535	     3	1.5352	     0
0.1536	     2	1.5360	     0
0.1537	     3	1.5368	     0
0.1538	     4	1.5376	     0
0.1538	     2	1.5385	     0
0.1539	     2	1.5393	     0
0.1540	     6	1.5401	     0
0.1541	     3	1.5410	     0
0.1542	     2	1.5418	     0
0.1543	     4	1.5426	     0
0.1543	     2	1.5435	     0
0.1544	     1	1.5443	     0
0.1545	     5	1.5451	     0
0.1546	     5	1.5459	     0
0.1547	     3	1.5468	     0
0.1548	     0	1.5476	     0
0.1548	     2	1.5484	     0
0.1549	     0	1.5493	     0
0.1550	     5	1.5501	     0
0.1551	     5	1.5509	     0
0.1552	     4	1.5518	     0
0.1553	     0	1.5526	     0
0.1553	     5	1.5534	     0
0.1554	     5	1.5542	     0
0.1555	     3	1.5551	     0
0.1556	     4	1.5559	     0
0.1557	     2	1.5567	     0
0.1558	     4	1.5576	     0
0.1558	     5	1.5584	     0
0.1559	     3	1.5592	     0
0.1560	     4	1.5601	     0
0.1561	     3	1.5609	     0
0.1562	     1	1.5617	     0
0.1563	     2	1.5625	     0
0.1563	     2	1.5634	     0
0.1564	     2	1.5642	     0
0.1565	     4	1.5650	     0
0.1566	     3	1.5659	     0
0.1567	     5	1.5667	     0
0.1568	     4	1.5675	     0
0.1568	     8	1.5684	     0
0.1569	     4	1.5692	     0
0.1570	     3	1.5700	     0
0.1571	     3	1.5708	     0
0.1572	     2	1.5717	     0
0.1573	     4	1.5725	     0
0.1573	     4	1.5733	     0
0.1574	     6	1.5742	     0
0.1575	     3	1.5750	     0
0.1576	     3	1.5758	     0
0.1577	     2	1.5767	     0
0.1577	     3	1.5775	     0
0.1578	     2	1.5783	     0
0.1579	     3	1.5792	     0
0.1580	     5	1.5800	     0
0.1581	     9	1.5808	     0
0.1582	     3	1.5816	     0
0.1582	     1	1.5825	     0
0.1583	     4	1.5833	     0
0.1584	     6	1.5841	     0
0.1585	     4	1.5850	     0
0.1586	     2	1.5858	     0
0.1587	     3	1.5866	     0
0.1587	     4	1.5875	     0
0.1588	     1	1.5883	     0
0.1589	     3	1.5891	     0
0.1590	     2	1.5899	     0
0.1591	     4	1.5908	     0
0.1592	     2	1.5916	     0
0.1592	     5	1.5924	     0
0.1593	     4	1.5933	     0
0.1594	     5	1.5941	     0
0.1595	     3	1.5949	     0
0.1596	     2	1.5958	     0
0.1597	     5	1.5966	     0
0.1597	     3	1.5974	     0
0.1598	     2	1.5982	     0
0.1599	     7	1.5991	     0
0.1600	     3	1.5999	     0
0.1601	     0	1.6007	     0
0.1602	     3	1.6016	     0
0.1602	     5	1.6024	     0
0.1603	     3	1.6032	     0
0.1604	     1	1.6041	     0
0.1605	     3	1.6049	     0
0.1606	     4	1.6057	     0
0.1607	     5	1.6065	     0
0.1607	     4	1.6074	     0
0.1608	     3	1.6082	     0
0.1609	     3	1.6090	     0
0.1610	     3	1.6099	     0
0.1611	     4	1.6107	     0
0.1612	     2	1.6115	     0
0.1612	     5	1.6124	     0
0.1613	     6	1.6132	     0
0.1614	     3	1.6140	     0
0.1615	     2	1.6148	     0
0.1616	     4	1.6157	     0
0.1617	     2	1.6165	     0
0.1617	     2	1.6173	     0
0.1618	     0	1.6182	     0
0.1619	     2	1.6190	     0
0.1620	     7	1.6198	     0
0.1621	     0	1.6207	     0
0.1621	     3	1.6215	     0
0.1622	     4	1.6223	     0
0.1623	     3	1.6231	     0
0.1624	     3	1.6240	     0
0.1625	     1	1.6248	     0
0.1626	     2	1.6256	     0
0.1626	     5	1.6265	     0
0.1627	     3	1.6273	     0
0.1628	     1	1.6281	     0
0.1629	     1	1.6290	     0
0.1630	     5	1.6298	     0
0.1631	     1	1.6306	     0
0.1631	     1	1.6314	     0
0.1632	     3	1.6323	     0
0.1633	     0	1.6331	     0
0.1634	     0	1.6339	     0
0.1635	     3	1.6348	     0
0.1636	     3	1.6356	     0
0.1636	     2	1.6364	     0
0.1637	     3	1.6373	     0
0.1638	     2	1.6381	     0
0.1639	     1	1.6389	     0
0.1640	     2	1.6397	     0
0.1641	     3	1.6406	     0
0.1641	     1	1.6414	     0
0.1642	     5	1.6422	     0
0.1643	     4	1.6431	     0
0.1644	     4	1.6439	     0
0.1645	     3	1.6447	     0
0.1646	     3	1.6456	     0
0.1646	     3	1.6464	     0
0.1647	     3	1.6472	     0
0.1648	     3	1.6480	     0
0.1649	     4	1.6489	     0
0.1650	     3	1.6497	     0
0.1651	     3	1.6505	     0
0.1651	     1	1.6514	     0
0.1652	     4	1.6522	     0
0.1653	     4	1.6530	     0
0.1654	     4	1.6539	     0
0.1655	     3	1.6547	     0
0.1656	     5	1.6555	     0
0.1656	     3	1.6563	     0
0.1657	     3	1.6572	     0
0.1658	     1	1.6580	     0
0.1659	     4	1.6588	     0
0.1660	     0	1.6597	     0
0.1660	     3	1.6605	     0
0.1661	     3	1.6613	     0
0.1662	     3	1.6622	     0
0.1663	     0	1.6630	     0
0.1664	     3	1.6638	     0
0.1665	     4	1.6646	     0
0.1665	     4	1.6655	     0
0.1666	     1	1.6663	     0
0.1667	     5	1.6671	     0
0.1668	     1	1.6680	     0
0.1669	     4	1.6688	     0
0.1670	     6	1.6696	     0
0.1670	     4	1.6705	     0
0.1671	     4	1.6713	     0
0.1672	     5	1.6721	     0
0.1673	     2	1.6729	     0
0.1674	     4	1.6738	     0
0.1675	     2	1.6746	     0
0.1675	     2	1.6754	     0
0.1676	     2	1.6763	     0
0.1677	     3	1.6771	     0
0.1678	     6	1.6779	     0
0.1679	     0	1.6788	     0
0.1680	     1	1.6796	     0
0.1680	     3	1.6804	     0
0.1681	     3	1.6812	     0
0.1682	     3	1.6821	     0
0.1683	     3	1.6829	     0
0.1684	     1	1.6837	     0
0.1685	     7	1.6846	     0
0.1685	     3	1.6854	     0
0.1686	     1	1.6862	     0
0.1687	     4	1.6871	     0
0.1688	     2	1.6879	     0
0.1689	     6	1.6887	     0
0.1690	     3	1.6896	     0
0.1690	     2	1.6904	     0
0.1691	     5	1.6912	     0
0.1692	     2	1.6920	     0
0.1693	     1	1.6929	     0
0.1694	     1	1.6937	     0
0.1695	     1	1.6945	     0
0.1695	     2	1.6954	     0
0.1696	     3	1.6962	     0
0.1697	     1	1.6970	     0
0.1698	     1	1.6979	     0
0.1699	     3	1.6987	     0
0.1700	     6	1.6995	     0
0.1700	     3	1.7003	     0
0.1701	     1	1.7012	     0
0.1702	     3	1.7020	     0
0.1703	     5	1.7028	     0
0.1704	     1	1.7037	     0
0.1704	     6	1.7045	     0
0.1705	     1	1.7053	     0
0.1706	     3	1.7062	     0
0.1707	     1	1.7070	     0
0.1708	     4	1.7078	     0
0.1709	     4	1.7086	     0
0.1709	     2	1.7095	     0
0.1710	     7	1.7103	     0
0.1711	     2	1.7111	     0
0.1712	     2	1.7120	     0
0.1713	     4	1.7128	     0
0.1714	     2	1.7136	     0
0.1714	     3	1.7145	     0
0.1715	     4	1.7153	     0
0.1716	     1	1.7161	     0
0.1717	     5	1.7169	     0
0.1718	     5	1.7178	     0
0.1719	     5	1.7186	     0
0.1719	     3	1.7194	     0
0.1720	     4	1.7203	     0
0.1721	     2	1.7211	     0
0.1722	     2	1.7219	     0
0.1723	     1	1.7228	     0
0.1724	     2	1.7236	     0
0.1724	     3	1.7244	     0
0.1725	     2	1.7252	     0
0.1726	     3	1.7261	     0
0.1727	     1	1.7269	     0
0.1728	     3	1.7277	     0
0.1729	     1	1.7286	     0
0.1729	     2	1.7294	     0
0.1730	     4	1.7302	     0
0.1731	     4	1.7311	     0
0.1732	     0	1.7319	     0
0.1733	     1	1.7327	     0
0.1734	     4	1.7335	     0
0.1734	     4	1.7344	     0
0.1735	     6	1.7352	     0
0.1736	     5	1.7360	     0
0.1737	     4	1.7369	     0
0.1738	     4	1.7377	     0
0.1739	     4	1.7385	     0
0.1739	     3	1.7394	     0
0.1740	     1	1.7402	     0
0.1741	     4	1.7410	     0
0.1742	     1	1.7418	     0
0.1743	     5	1.7427	     0
0.1744	     4	1.7435	     0
0.1744	     0	1.7443	     0
0.1745	     2	1.7452	     0
0.1746	     2	1.7460	     0
0.1747	     2	1.7468	     0
0.1748	     0	1.7477	     0
0.1748	     3	1.7485	     0
0.1749	     4	1.7493	     0
0.1750	     2	1.7501	     0
0.1751	     7	1.7510	     0
0.1752	     2	1.7518	     0
0.1753	     3	1.7526	     0
0.1753	     4	1.7535	     0
0.1754	     6	1.7543	     0
0.1755	     3	1.7551	     0
0.1756	     3	1.7560	     0
0.1757	     2	1.7568	     0
0.1758	     5	1.7576	     0
0.1758	     1	1.7584	     0
0.1759	     2	1.7593	     0
0.1760	     1	1.7601	     0
0.1761	     0	1.7609	     0
0.1762	     3	1.7618	     0
0.1763	     3	1.7626	     0
0.1763	     4	1.7634	     0
0.1764	     3	1.7643	     0
0.1765	     2	1.7651	     0
0.1766	     4	1.7659	     0
0.1767	     5	1.7667	     0
0.1768	     3	1.7676	     0
0.1768	     1	1.7684	     0
0.1769	     0	1.7692	     0
0.1770	     3	1.7701	     0
0.1771	     3	1.7709	     0
0.1772	     2	1.7717	     0
0.1773	     3	1.7726	     0
0.1773	     1	1.7734	     0
0.1774	     5	1.7742	     0
0.1775	     4	1.7750	     0
0.1776	     1	1.7759	     0
0.1777	     2	1.7767	     0
0.1778	     3	1.7775	     0
0.1778	     5	1.7784	     0
0.1779	     3	1.7792	     0
0.1780	     2	1.7800	     0
0.1781	     1	1.7809	     0
0.1782	     0	1.7817	     0
0.1783	     6	1.7825	     0
0.1783	     3	1.7833	     0
0.1784	     1	1.7842	     0
0.1785	     5	1.7850	     0
0.1786	     3	1.7858	     0
0.1787	     4	1.7867	     0
0.1788	     5	1.7875	     0
0.1788	     3	1.7883	     0
0.1789	     5	1.7892	     0
0.1790	     1	1.7900	     0
0.1791	     2	1.7908	     0
0.1792	     1	1.7917	     0
0.1792	     4	1.7925	     0
0.1793	     2	1.7933	     0
0.1794	     3	1.7941	     0
0.1795	     5	1.7950	     0
0.1796	     3	1.7958	     0
0.1797	     4	1.7966	     0
0.1797	     3	1.7975	     0
0.1798	     7	1.7983	     0
0.1799	     1	1.7991	     0
0.1800	     6	1.8000	     0
0.1801	     2	1.8008	     0
0.1802	     2	1.8016	     0
0.1802	     3	1.8024	     0
0.1803	     3	1.8033	     0
0.1804	     1	1.8041	     0
0.1805	     5	1.8049	     0
0.1806	     6	1.8058	     0
0.1807	     2	1.8066	     0
0.1807	     6	1.8074	     0
0.1808	     4	1.8083	     0
0.1809	     3	1.8091	     0
0.1810	     1	1.8099	     0
0.1811	     3	1.8107	     0
0.1812	     3	1.8116	     0
0.1812	     6	1.8124	     0
0.1813	     3	1.8132	     0
0.1814	     3	1.8141	     0
0.1815	     5	1.8149	     0
0.1816	     1	1.8157	     0
0.1817	     4	1.8166	     0
0.1817	     2	1.8174	     0
0.1818	     2	1.8182	     0
0.1819	     7	1.8190	     0
0.1820	     3	1.8199	     0
0.1821	     3	1.8207	     0
0.1822	     5	1.8215	     0
0.1822	     2	1.8224	     0
0.1823	     4	1.8232	     0
0.1824	     2	1.8240	     0
0.1825	     4	1.8249	     0
0.1826	     4	1.8257	     0
0.1827	     1	1.8265	     0
0.1827	     9	1.8273	     0
0.1828	     3	1.8282	     0
0.1829	     1	1.8290	     0
0.1830	     3	1.8298	     0
0.1831	     3	1.8307	     0
0.1831	     3	1.8315	     0
0.1832	     3	1.8323	     0
0.1833	     6	1.8332	     0
0.1834	     4	1.8340	     0
0.1835	     1	1.8348	     0
0.1836	     2	1.8356	     0
0.1836	     3	1.8365	     0
0.1837	     4	1.8373	     0
0.1838	     3	1.8381	     0
0.1839	     1	1.8390	     0
0.1840	     2	1.8398	     0
0.1841	     0	1.8406	     0
0.1841	     4	1.8415	     0
0.1842	     4	1.8423	     0
0.1843	     5	1.8431	     0
0.1844	     4	1.8439	     0
0.1845	     2	1.8448	     0
0.1846	     5	1.8456	     0
0.1846	     1	1.8464	     0
0.1847	     2	1.8473	     0
0.1848	     3	1.8481	     0
0.1849	     3	1.8489	     0
0.1850	     3	1.8498	     0
0.1851	     5	1.8506	     0
0.1851	     2	1.8514	     0
0.1852	     1	1.8522	     0
0.1853	     2	1.8531	     0
0.1854	     2	1.8539	     0
0.1855	     3	1.8547	     0
0.1856	     4	1.8556	     0
0.1856	     5	1.8564	     0
0.1857	     3	1.8572	     0
0.1858	     1	1.8581	     0
0.1859	     2	1.8589	     0
0.1860	     3	1.8597	     0
0.1861	     2	1.8605	     0
0.1861	     1	1.8614	     0
0.1862	     3	1.8622	     0
0.1863	     4	1.8630	     0
0.1864	     4	1.8639	     0
0.1865	     3	1.8647	     0
0.1866	     1	1.8655	     0
0.1866	     4	1.8664	     0
0.1867	    10	1.8672	     0
0.1868	     3	1.8680	     0
0.1869	     1	1.8688	     0
0.1870	     4	1.8697	     0
0.1871	     3	1.8705	     0
0.1871	     1	1.8713	     0
0.1872	     1	1.8722	     0
0.1873	     5	1.8730	     0
0.1874	     5	1.8738	     0
0.1875	     4	1.8747	     0
0.1875	     4	1.8755	     0
0.1876	     4	1.8763	     0
0.1877	     3	1.8771	     0
0.1878	     3	1.8780	     0
0.1879	     1	1.8788	     0
0.1880	     6	1.8796	     0
0.1880	     6	1.8805	     0
0.1881	     2	1.8813	     0
0.1882	     2	1.8821	     0
0.1883	     1	1.8830	     0
0.1884	     4	1.8838	     0
0.1885	     6	1.8846	     0
0.1885	     3	1.8854	     0
0.1886	     1	1.8863	     0
0.1887	     5	1.8871	     0
0.1888	     3	1.8879	     0
0.1889	     4	1.8888	     0
0.1890	     4	1.8896	     0
0.1890	     1	1.8904	     0
0.1891	     2	1.8913	     0
0.1892	     5	1.8921	     0
0.1893	     1	1.8929	     0
0.1894	     2	1.8938	     0
0.1895	     6	1.8946	     0
0.1895	     3	1.8954	     0
0.1896	     2	1.8962	     0
0.1897	     4	1.8971	     0
0.1898	     2	1.8979	     0
0.1899	     2	1.8987	     0
0.1900	     5	1.8996	     0
0.1900	     1	1.9004	     0
0.1901	     7	1.9012	     0
0.1902	     2	1.9021	     0
0.1903	     1	1.9029	     0
0.1904	     4	1.9037	     0
0.1905	     4	1.9045	     0
0.1905	     2	1.9054	     0
0.1906	     5	1.9062	     0
0.1907	     2	1.9070	     0
0.1908	     3	1.9079	     0
0.1909	     1	1.9087	     0
0.1910	     4	1.9095	     0
0.1910	     4	1.9104	     0
0.1911	     3	1.9112	     0
0.1912	     6	1.9120	     0
0.1913	     6	1.9128	     0
0.1914	     3	1.9137	     0
0.1915	     4	1.9145	     0
0.1915	     5	1.9153	     0
0.1916	     5	1.9162	     0
0.1917	     5	1.9170	     0
0.1918	     2	1.9178	     0
0.1919	     3	1.9187	     0
0.1919	     5	1.9195	     0
0.1920	     4	1.9203	     0
0.1921	     1	1.9211	     0
0.1922	     7	1.9220	     0
0.1923	     2	1.9228	     0
0.1924	     4	1.9236	     0
0.1924	     4	1.9245	     0
0.1925	     1	1.9253	     0
0.1926	     8	1.9261	     0
0.1927	     5	1.9270	     0
0.1928	     2	1.9278	     0
0.1929	     6	1.9286	     0
0.1929	     4	1.9294	     0
0.1930	     5	1.9303	     0
0.1931	     2	1.9311	     0
0.1932	     7	1.9319	     0
0.1933	     2	1.9328	     0
0.1934	     7	1.9336	     0
0.1934	     6	1.9344	     0
0.1935	     3	1.9353	     0
0.1936	     4	1.9361	     0
0.1937	     5	1.9369	     0
0.1938	     4	1.9377	     0
0.1939	     2	1.9386	     0
0.1939	     4	1.9394	     0
0.1940	    12	1.9402	     0
0.1941	    10	1.9411	     0
0.1942	     5	1.9419	     0
0.1943	     1	1.9427	     0
0.1944	    10	1.9436	     0
0.1944	     4	1.9444	     0
0.1945	     9	1.9452	     0
0.1946	     3	1.9460	     0
0.1947	     5	1.9469	     0
0.1948	     6	1.9477	     0
0.1949	     3	1.9485	     0
0.1949	     4	1.9494	     0
0.1950	     4	1.9502	     0
0.1951	     5	1.9510	     0
0.1952	     9	1.9519	     0
0.1953	     2	1.9527	     0
0.1954	     6	1.9535	     0
0.1954	     8	1.9543	     0
0.1955	     5	1.9552	     0
0.1956	     2	1.9560	     0
0.1957	     9	1.9568	     0
0.1958	     2	1.9577	     0
0.1958	     4	1.9585	     0
0.1959	     5	1.9593	     0
0.1960	     4	1.9602	     0
0.1961	     1	1.9610	     0
0.1962	     1	1.9618	     0
0.1963	     7	1.9626	     0
0.1963	     2	1.9635	     0
0.1964	     5	1.9643	     0
0.1965	     5	1.9651	     0
0.1966	     2	1.9660	     0
0.1967	     3	1.9668	     0
0.1968	     2	1.9676	     0
0.1968	     3	1.9685	     0
0.1969	     3	1.9693	     0
0.1970	     5	1.9701	     0
0.1971	     6	1.9709	     0
0.1972	     5	1.9718	     0
0.1973	     6	1.9726	     0
0.1973	     9	1.9734	     0
0.1974	     3	1.9743	     0
0.1975	     0	1.9751	     0
0.1976	     4	1.9759	     0
0.1977	     4	1.9768	     0
0.1978	     0	1.9776	     0
0.1978	     5	1.9784	     0
0.1979	     4	1.9792	     0
0.1980	     8	1.9801	     0
0.1981	     5	1.9809	     0
0.1982	     5	1.9817	     0
0.1983	     3	1.9826	     0
0.1983	     1	1.9834	     0
0.1984	     3	1.9842	     0
0.1985	     6	1.9851	     0
0.1986	     6	1.9859	     0
0.1987	     4	1.9867	     0
0.1988	     6	1.9875	     0
0.1988	     4	1.9884	     0
0.1989	     8	1.9892	     0
0.1990	     2	1.9900	     0
0.1991	     4	1.9909	     0
0.1992	     5	1.9917	     0
0.1993	     3	1.9925	     0
0.1993	     4	1.9934	     0
0.1994	     7	1.9942	     0
0.1995	     4	1.9950	     0
0.1996	     3	1.9958	     0
0.1997	     5	1.9967	     0
0.1998	     4	1.9975	     0
0.1998	     7	1.9983	     0
0.1999	     3	1.9992	     0
