01/26/2022 14:21:17
LT: 192.56

0.0300	   159	0.3000	     0
0.0301	   271	0.3008	     0
0.0302	   280	0.3017	     0
0.0302	   291	0.3025	     0
0.0303	   294	0.3033	     0
0.0304	   323	0.3042	     0
0.0305	   286	0.3050	     0
0.0306	   300	0.3058	     0
0.0307	   283	0.3066	     0
0.0307	   300	0.3075	     0
0.0308	   303	0.3083	     0
0.0309	   274	0.3091	     0
0.0310	   309	0.3100	     0
0.0311	   319	0.3108	     0
0.0312	   316	0.3116	     0
0.0312	   300	0.3125	     0
0.0313	   294	0.3133	     0
0.0314	   307	0.3141	     0
0.0315	   336	0.3149	     0
0.0316	   311	0.3158	     0
0.0317	   322	0.3166	     0
0.0317	   321	0.3174	     0
0.0318	   315	0.3183	     0
0.0319	   302	0.3191	     0
0.0320	   314	0.3199	     0
0.0321	   293	0.3208	     0
0.0322	   295	0.3216	     0
0.0322	   260	0.3224	     0
0.0323	   307	0.3232	     0
0.0324	   318	0.3241	     0
0.0325	   282	0.3249	     0
0.0326	   283	0.3257	     0
0.0327	   291	0.3266	     0
0.0327	   294	0.3274	     0
0.0328	   297	0.3282	     0
0.0329	   311	0.3291	     0
0.0330	   291	0.3299	     0
0.0331	   263	0.3307	     0
0.0332	   291	0.3315	     0
0.0332	   291	0.3324	     0
0.0333	   259	0.3332	     0
0.0334	   290	0.3340	     0
0.0335	   305	0.3349	     0
0.0336	   293	0.3357	     0
0.0337	   325	0.3365	     0
0.0337	   280	0.3374	     0
0.0338	   242	0.3382	     0
0.0339	   283	0.3390	     0
0.0340	   267	0.3398	     0
0.0341	   278	0.3407	     0
0.0342	   268	0.3415	     0
0.0342	   249	0.3423	     0
0.0343	   252	0.3432	     0
0.0344	   283	0.3440	     0
0.0345	   263	0.3448	     0
0.0346	   263	0.3457	     0
0.0346	   266	0.3465	     0
0.0347	   255	0.3473	     0
0.0348	   241	0.3481	     0
0.0349	   269	0.3490	     0
0.0350	   259	0.3498	     0
0.0351	   265	0.3506	     0
0.0351	   281	0.3515	     0
0.0352	   266	0.3523	     0
0.0353	   248	0.3531	     0
0.0354	   251	0.3540	     0
0.0355	   265	0.3548	     0
0.0356	   256	0.3556	     0
0.0356	   236	0.3564	     0
0.0357	   250	0.3573	     0
0.0358	   270	0.3581	     0
0.0359	   250	0.3589	     0
0.0360	   224	0.3598	     0
0.0361	   254	0.3606	     0
0.0361	   229	0.3614	     0
0.0362	   232	0.3623	     0
0.0363	   231	0.3631	     0
0.0364	   238	0.3639	     0
0.0365	   259	0.3647	     0
0.0366	   266	0.3656	     0
0.0366	   252	0.3664	     0
0.0367	   235	0.3672	     0
0.0368	   212	0.3681	     0
0.0369	   234	0.3689	     0
0.0370	   240	0.3697	     0
0.0371	   247	0.3706	     0
0.0371	   241	0.3714	     0
0.0372	   216	0.3722	     0
0.0373	   238	0.3730	     0
0.0374	   249	0.3739	     0
0.0375	   229	0.3747	     0
0.0376	   240	0.3755	     0
0.0376	   221	0.3764	     0
0.0377	   248	0.3772	     0
0.0378	   232	0.3780	     0
0.0379	   206	0.3789	     0
0.0380	   239	0.3797	     0
0.0381	   238	0.3805	     0
0.0381	   251	0.3813	     0
0.0382	   221	0.3822	     0
0.0383	   216	0.3830	     0
0.0384	   239	0.3838	     0
0.0385	   230	0.3847	     0
0.0385	   240	0.3855	     0
0.0386	   237	0.3863	     0
0.0387	   207	0.3872	     0
0.0388	   219	0.3880	     0
0.0389	   246	0.3888	     0
0.0390	   243	0.3896	     0
0.0390	   248	0.3905	     0
0.0391	   227	0.3913	     0
0.0392	   223	0.3921	     0
0.0393	   230	0.3930	     0
0.0394	   192	0.3938	     0
0.0395	   231	0.3946	     0
0.0395	   237	0.3955	     0
0.0396	   215	0.3963	     0
0.0397	   203	0.3971	     0
0.0398	   225	0.3979	     0
0.0399	   238	0.3988	     0
0.0400	   214	0.3996	     0
0.0400	   203	0.4004	     0
0.0401	   233	0.4013	     0
0.0402	   243	0.4021	     0
0.0403	   217	0.4029	     0
0.0404	   243	0.4038	     0
0.0405	   201	0.4046	     0
0.0405	   258	0.4054	     0
0.0406	   208	0.4063	     0
0.0407	   226	0.4071	     0
0.0408	   219	0.4079	     0
0.0409	   180	0.4087	     0
0.0410	   216	0.4096	     0
0.0410	   200	0.4104	     0
0.0411	   253	0.4112	     0
0.0412	   194	0.4121	     0
0.0413	   182	0.4129	     0
0.0414	   237	0.4137	     0
0.0415	   184	0.4146	     0
0.0415	   223	0.4154	     0
0.0416	   229	0.4162	     0
0.0417	   227	0.4170	     0
0.0418	   215	0.4179	     0
0.0419	   206	0.4187	     0
0.0420	   203	0.4195	     0
0.0420	   229	0.4204	     0
0.0421	   185	0.4212	     0
0.0422	   208	0.4220	     0
0.0423	   195	0.4229	     0
0.0424	   220	0.4237	     0
0.0425	   182	0.4245	     0
0.0425	   182	0.4253	     0
0.0426	   204	0.4262	     0
0.0427	   219	0.4270	     0
0.0428	   238	0.4278	     0
0.0429	   255	0.4287	     0
0.0429	   219	0.4295	     0
0.0430	   208	0.4303	     0
0.0431	   194	0.4312	     0
0.0432	   212	0.4320	     0
0.0433	   207	0.4328	     0
0.0434	   211	0.4336	     0
0.0434	   203	0.4345	     0
0.0435	   189	0.4353	     0
0.0436	   223	0.4361	     0
0.0437	   234	0.4370	     0
0.0438	   185	0.4378	     0
0.0439	   206	0.4386	     0
0.0439	   195	0.4395	     0
0.0440	   209	0.4403	     0
0.0441	   216	0.4411	     0
0.0442	   184	0.4419	     0
0.0443	   174	0.4428	     0
0.0444	   190	0.4436	     0
0.0444	   221	0.4444	     0
0.0445	   206	0.4453	     0
0.0446	   174	0.4461	     0
0.0447	   221	0.4469	     0
0.0448	   212	0.4478	     0
0.0449	   208	0.4486	     0
0.0449	   192	0.4494	     0
0.0450	   204	0.4502	     0
0.0451	   187	0.4511	     0
0.0452	   210	0.4519	     0
0.0453	   199	0.4527	     0
0.0454	   195	0.4536	     0
0.0454	   207	0.4544	     0
0.0455	   197	0.4552	     0
0.0456	   195	0.4561	     0
0.0457	   224	0.4569	     0
0.0458	   190	0.4577	     0
0.0459	   164	0.4585	     0
0.0459	   211	0.4594	     0
0.0460	   215	0.4602	     0
0.0461	   216	0.4610	     0
0.0462	   196	0.4619	     0
0.0463	   184	0.4627	     0
0.0464	   204	0.4635	     0
0.0464	   202	0.4644	     0
0.0465	   168	0.4652	     0
0.0466	   194	0.4660	     0
0.0467	   212	0.4668	     0
0.0468	   219	0.4677	     0
0.0469	   178	0.4685	     0
0.0469	   197	0.4693	     0
0.0470	   173	0.4702	     0
0.0471	   216	0.4710	     0
0.0472	   196	0.4718	     0
0.0473	   183	0.4727	     0
0.0473	   204	0.4735	     0
0.0474	   182	0.4743	     0
0.0475	   182	0.4751	     0
0.0476	   197	0.4760	     0
0.0477	   196	0.4768	     0
0.0478	   174	0.4776	     0
0.0478	   205	0.4785	     0
0.0479	   187	0.4793	     0
0.0480	   201	0.4801	     0
0.0481	   207	0.4810	     0
0.0482	   169	0.4818	     0
0.0483	   189	0.4826	     0
0.0483	   168	0.4834	     0
0.0484	   194	0.4843	     0
0.0485	   169	0.4851	     0
0.0486	   188	0.4859	     0
0.0487	   201	0.4868	     0
0.0488	   202	0.4876	     0
0.0488	   173	0.4884	     0
0.0489	   168	0.4893	     0
0.0490	   211	0.4901	     0
0.0491	   190	0.4909	     0
0.0492	   191	0.4917	     0
0.0493	   181	0.4926	     0
0.0493	   231	0.4934	     0
0.0494	   172	0.4942	     0
0.0495	   214	0.4951	     0
0.0496	   188	0.4959	     0
0.0497	   182	0.4967	     0
0.0498	   199	0.4976	     0
0.0498	   211	0.4984	     0
0.0499	   189	0.4992	     0
0.0500	   183	0.5000	     0
0.0501	   185	0.5009	     0
0.0502	   203	0.5017	     0
0.0503	   216	0.5025	     0
0.0503	   177	0.5034	     0
0.0504	   199	0.5042	     0
0.0505	   188	0.5050	     0
0.0506	   189	0.5059	     0
0.0507	   165	0.5067	     0
0.0508	   165	0.5075	     0
0.0508	   184	0.5083	     0
0.0509	   192	0.5092	     0
0.0510	   189	0.5100	     0
0.0511	   162	0.5108	     0
0.0512	   181	0.5117	     0
0.0513	   181	0.5125	     0
0.0513	   163	0.5133	     0
0.0514	   167	0.5142	     0
0.0515	   178	0.5150	     0
0.0516	   172	0.5158	     0
0.0517	   199	0.5167	     0
0.0517	   207	0.5175	     0
0.0518	   191	0.5183	     0
0.0519	   198	0.5191	     0
0.0520	   186	0.5200	     0
0.0521	   189	0.5208	     0
0.0522	   176	0.5216	     0
0.0522	   181	0.5225	     0
0.0523	   169	0.5233	     0
0.0524	   201	0.5241	     0
0.0525	   170	0.5250	     0
0.0526	   181	0.5258	     0
0.0527	   198	0.5266	     0
0.0527	   174	0.5274	     0
0.0528	   192	0.5283	     0
0.0529	   178	0.5291	     0
0.0530	   168	0.5299	     0
0.0531	   173	0.5308	     0
0.0532	   198	0.5316	     0
0.0532	   176	0.5324	     0
0.0533	   196	0.5333	     0
0.0534	   181	0.5341	     0
0.0535	   172	0.5349	     0
0.0536	   170	0.5357	     0
0.0537	   185	0.5366	     0
0.0537	   172	0.5374	     0
0.0538	   182	0.5382	     0
0.0539	   190	0.5391	     0
0.0540	   186	0.5399	     0
0.0541	   167	0.5407	     0
0.0542	   186	0.5416	     0
0.0542	   173	0.5424	     0
0.0543	   201	0.5432	     0
0.0544	   168	0.5440	     0
0.0545	   185	0.5449	     0
0.0546	   179	0.5457	     0
0.0547	   186	0.5465	     0
0.0547	   186	0.5474	     0
0.0548	   172	0.5482	     0
0.0549	   191	0.5490	     0
0.0550	   209	0.5499	     0
0.0551	   195	0.5507	     0
0.0552	   177	0.5515	     0
0.0552	   185	0.5523	     0
0.0553	   185	0.5532	     0
0.0554	   169	0.5540	     0
0.0555	   221	0.5548	     0
0.0556	   186	0.5557	     0
0.0556	   168	0.5565	     0
0.0557	   194	0.5573	     0
0.0558	   164	0.5582	     0
0.0559	   203	0.5590	     0
0.0560	   155	0.5598	     0
0.0561	   167	0.5606	     0
0.0561	   172	0.5615	     0
0.0562	   174	0.5623	     0
0.0563	   170	0.5631	     0
0.0564	   195	0.5640	     0
0.0565	   171	0.5648	     0
0.0566	   172	0.5656	     0
0.0566	   176	0.5665	     0
0.0567	   163	0.5673	     0
0.0568	   191	0.5681	     0
0.0569	   158	0.5689	     0
0.0570	   192	0.5698	     0
0.0571	   163	0.5706	     0
0.0571	   168	0.5714	     0
0.0572	   200	0.5723	     0
0.0573	   171	0.5731	     0
0.0574	   181	0.5739	     0
0.0575	   185	0.5748	     0
0.0576	   177	0.5756	     0
0.0576	   200	0.5764	     0
0.0577	   177	0.5772	     0
0.0578	   193	0.5781	     0
0.0579	   188	0.5789	     0
0.0580	   184	0.5797	     0
0.0581	   170	0.5806	     0
0.0581	   168	0.5814	     0
0.0582	   202	0.5822	     0
0.0583	   176	0.5831	     0
0.0584	   185	0.5839	     0
0.0585	   180	0.5847	     0
0.0586	   180	0.5855	     0
0.0586	   172	0.5864	     0
0.0587	   168	0.5872	     0
0.0588	   186	0.5880	     0
0.0589	   193	0.5889	     0
0.0590	   178	0.5897	     0
0.0591	   192	0.5905	     0
0.0591	   202	0.5914	     0
0.0592	   157	0.5922	     0
0.0593	   154	0.5930	     0
0.0594	   182	0.5938	     0
0.0595	   153	0.5947	     0
0.0596	   190	0.5955	     0
0.0596	   187	0.5963	     0
0.0597	   153	0.5972	     0
0.0598	   178	0.5980	     0
0.0599	   180	0.5988	     0
0.0600	   184	0.5997	     0
0.0600	   170	0.6005	     0
0.0601	   163	0.6013	     0
0.0602	   164	0.6021	     0
0.0603	   172	0.6030	     0
0.0604	   182	0.6038	     0
0.0605	   200	0.6046	     0
0.0605	   162	0.6055	     0
0.0606	   177	0.6063	     0
0.0607	   173	0.6071	     0
0.0608	   178	0.6080	     0
0.0609	   155	0.6088	     0
0.0610	   196	0.6096	     0
0.0610	   176	0.6104	     0
0.0611	   185	0.6113	     0
0.0612	   186	0.6121	     0
0.0613	   173	0.6129	     0
0.0614	   174	0.6138	     0
0.0615	   155	0.6146	     0
0.0615	   168	0.6154	     0
0.0616	   197	0.6163	     0
0.0617	   162	0.6171	     0
0.0618	   158	0.6179	     0
0.0619	   203	0.6187	     0
0.0620	   169	0.6196	     0
0.0620	   188	0.6204	     0
0.0621	   184	0.6212	     0
0.0622	   176	0.6221	     0
0.0623	   177	0.6229	     0
0.0624	   189	0.6237	     0
0.0625	   179	0.6246	     0
0.0625	   210	0.6254	     0
0.0626	   190	0.6262	     0
0.0627	   172	0.6271	     0
0.0628	   193	0.6279	     0
0.0629	   176	0.6287	     0
0.0630	   179	0.6295	     0
0.0630	   166	0.6304	     0
0.0631	   196	0.6312	     0
0.0632	   177	0.6320	     0
0.0633	   185	0.6329	     0
0.0634	   171	0.6337	     0
0.0635	   202	0.6345	     0
0.0635	   166	0.6354	     0
0.0636	   181	0.6362	     0
0.0637	   151	0.6370	     0
0.0638	   184	0.6378	     0
0.0639	   179	0.6387	     0
0.0640	   161	0.6395	     0
0.0640	   176	0.6403	     0
0.0641	   181	0.6412	     0
0.0642	   183	0.6420	     0
0.0643	   199	0.6428	     0
0.0644	   189	0.6437	     0
0.0644	   183	0.6445	     0
0.0645	   176	0.6453	     0
0.0646	   194	0.6461	     0
0.0647	   219	0.6470	     0
0.0648	   174	0.6478	     0
0.0649	   163	0.6486	     0
0.0649	   197	0.6495	     0
0.0650	   213	0.6503	     0
0.0651	   196	0.6511	     0
0.0652	   198	0.6520	     0
0.0653	   194	0.6528	     0
0.0654	   173	0.6536	     0
0.0654	   201	0.6544	     0
0.0655	   192	0.6553	     0
0.0656	   172	0.6561	     0
0.0657	   189	0.6569	     0
0.0658	   180	0.6578	     0
0.0659	   175	0.6586	     0
0.0659	   170	0.6594	     0
0.0660	   199	0.6603	     0
0.0661	   181	0.6611	     0
0.0662	   189	0.6619	     0
0.0663	   203	0.6627	     0
0.0664	   219	0.6636	     0
0.0664	   191	0.6644	     0
0.0665	   198	0.6652	     0
0.0666	   168	0.6661	     0
0.0667	   184	0.6669	     0
0.0668	   190	0.6677	     0
0.0669	   169	0.6686	     0
0.0669	   190	0.6694	     0
0.0670	   201	0.6702	     0
0.0671	   198	0.6710	     0
0.0672	   188	0.6719	     0
0.0673	   172	0.6727	     0
0.0674	   175	0.6735	     0
0.0674	   196	0.6744	     0
0.0675	   188	0.6752	     0
0.0676	   196	0.6760	     0
0.0677	   164	0.6769	     0
0.0678	   184	0.6777	     0
0.0679	   191	0.6785	     0
0.0679	   200	0.6793	     0
0.0680	   190	0.6802	     0
0.0681	   186	0.6810	     0
0.0682	   178	0.6818	     0
0.0683	   170	0.6827	     0
0.0683	   189	0.6835	     0
0.0684	   180	0.6843	     0
0.0685	   188	0.6852	     0
0.0686	   213	0.6860	     0
0.0687	   179	0.6868	     0
0.0688	   182	0.6876	     0
0.0688	   200	0.6885	     0
0.0689	   196	0.6893	     0
0.0690	   179	0.6901	     0
0.0691	   181	0.6910	     0
0.0692	   189	0.6918	     0
0.0693	   173	0.6926	     0
0.0693	   195	0.6935	     0
0.0694	   191	0.6943	     0
0.0695	   200	0.6951	     0
0.0696	   182	0.6959	     0
0.0697	   201	0.6968	     0
0.0698	   199	0.6976	     0
0.0698	   197	0.6984	     0
0.0699	   196	0.6993	     0
0.0700	   175	0.7001	     0
0.0701	   193	0.7009	     0
0.0702	   178	0.7018	     0
0.0703	   198	0.7026	     0
0.0703	   207	0.7034	     0
0.0704	   178	0.7042	     0
0.0705	   179	0.7051	     0
0.0706	   198	0.7059	     0
0.0707	   182	0.7067	     0
0.0708	   192	0.7076	     0
0.0708	   192	0.7084	     0
0.0709	   183	0.7092	     0
0.0710	   180	0.7101	     0
0.0711	   188	0.7109	     0
0.0712	   176	0.7117	     0
0.0713	   171	0.7125	     0
0.0713	   170	0.7134	     0
0.0714	   213	0.7142	     0
0.0715	   164	0.7150	     0
0.0716	   159	0.7159	     0
0.0717	   194	0.7167	     0
0.0718	   188	0.7175	     0
0.0718	   196	0.7184	     0
0.0719	   168	0.7192	     0
0.0720	   160	0.7200	     0
0.0721	   163	0.7208	     0
0.0722	   175	0.7217	     0
0.0723	   163	0.7225	     0
0.0723	   142	0.7233	     0
0.0724	   181	0.7242	     0
0.0725	   158	0.7250	     0
0.0726	   176	0.7258	     0
0.0727	   155	0.7267	     0
0.0727	   160	0.7275	     0
0.0728	   149	0.7283	     0
0.0729	   146	0.7292	     0
0.0730	   162	0.7300	     0
0.0731	   149	0.7308	     0
0.0732	   154	0.7316	     0
0.0732	   151	0.7325	     0
0.0733	   150	0.7333	     0
0.0734	   144	0.7341	     0
0.0735	   155	0.7350	     0
0.0736	   155	0.7358	     0
0.0737	   143	0.7366	     0
0.0737	   144	0.7375	     0
0.0738	   143	0.7383	     0
0.0739	   140	0.7391	     0
0.0740	   136	0.7399	     0
0.0741	   140	0.7408	     0
0.0742	   143	0.7416	     0
0.0742	   113	0.7424	     0
0.0743	   139	0.7433	     0
0.0744	   122	0.7441	     0
0.0745	   126	0.7449	     0
0.0746	   136	0.7458	     0
0.0747	   128	0.7466	     0
0.0747	   125	0.7474	     0
0.0748	   134	0.7482	     0
0.0749	   135	0.7491	     0
0.0750	   107	0.7499	     0
0.0751	   126	0.7507	     0
0.0752	   138	0.7516	     0
0.0752	   100	0.7524	     0
0.0753	   121	0.7532	     0
0.0754	   107	0.7541	     0
0.0755	   122	0.7549	     0
0.0756	   119	0.7557	     0
0.0757	   126	0.7565	     0
0.0757	   118	0.7574	     0
0.0758	    95	0.7582	     0
0.0759	   117	0.7590	     0
0.0760	   119	0.7599	     0
0.0761	   114	0.7607	     0
0.0762	   131	0.7615	     0
0.0762	   112	0.7624	     0
0.0763	   124	0.7632	     0
0.0764	   113	0.7640	     0
0.0765	   113	0.7648	     0
0.0766	   111	0.7657	     0
0.0767	   114	0.7665	     0
0.0767	   118	0.7673	     0
0.0768	   122	0.7682	     0
0.0769	    98	0.7690	     0
0.0770	   117	0.7698	     0
0.0771	    78	0.7707	     0
0.0771	   104	0.7715	     0
0.0772	   102	0.7723	     0
0.0773	    89	0.7731	     0
0.0774	    95	0.7740	     0
0.0775	   105	0.7748	     0
0.0776	    97	0.7756	     0
0.0776	    91	0.7765	     0
0.0777	   103	0.7773	     0
0.0778	    98	0.7781	     0
0.0779	    95	0.7790	     0
0.0780	   104	0.7798	     0
0.0781	   108	0.7806	     0
0.0781	   107	0.7814	     0
0.0782	   106	0.7823	     0
0.0783	    94	0.7831	     0
0.0784	    94	0.7839	     0
0.0785	   105	0.7848	     0
0.0786	    75	0.7856	     0
0.0786	    92	0.7864	     0
0.0787	   102	0.7873	     0
0.0788	    95	0.7881	     0
0.0789	    95	0.7889	     0
0.0790	    90	0.7897	     0
0.0791	    99	0.7906	     0
0.0791	    89	0.7914	     0
0.0792	    86	0.7922	     0
0.0793	   104	0.7931	     0
0.0794	   103	0.7939	     0
0.0795	    94	0.7947	     0
0.0796	    88	0.7956	     0
0.0796	    98	0.7964	     0
0.0797	   107	0.7972	     0
0.0798	   106	0.7980	     0
0.0799	    86	0.7989	     0
0.0800	    77	0.7997	     0
0.0801	    99	0.8005	     0
0.0801	   101	0.8014	     0
0.0802	    75	0.8022	     0
0.0803	    92	0.8030	     0
0.0804	    95	0.8039	     0
0.0805	    79	0.8047	     0
0.0806	    92	0.8055	     0
0.0806	    73	0.8063	     0
0.0807	    84	0.8072	     0
0.0808	    77	0.8080	     0
0.0809	   106	0.8088	     0
0.0810	    88	0.8097	     0
0.0810	    91	0.8105	     0
0.0811	    92	0.8113	     0
0.0812	    74	0.8122	     0
0.0813	    98	0.8130	     0
0.0814	    93	0.8138	     0
0.0815	   100	0.8146	     0
0.0815	    97	0.8155	     0
0.0816	    85	0.8163	     0
0.0817	    99	0.8171	     0
0.0818	   101	0.8180	     0
0.0819	    98	0.8188	     0
0.0820	    85	0.8196	     0
0.0820	    81	0.8205	     0
0.0821	    95	0.8213	     0
0.0822	    91	0.8221	     0
0.0823	    87	0.8229	     0
0.0824	    90	0.8238	     0
0.0825	   104	0.8246	     0
0.0825	    90	0.8254	     0
0.0826	    88	0.8263	     0
0.0827	    95	0.8271	     0
0.0828	   107	0.8279	     0
0.0829	    79	0.8288	     0
0.0830	   105	0.8296	     0
0.0830	    95	0.8304	     0
0.0831	    86	0.8313	     0
0.0832	   116	0.8321	     0
0.0833	    97	0.8329	     0
0.0834	    97	0.8337	     0
0.0835	    68	0.8346	     0
0.0835	    95	0.8354	     0
0.0836	    94	0.8362	     0
0.0837	    97	0.8371	     0
0.0838	   101	0.8379	     0
0.0839	    87	0.8387	     0
0.0840	    96	0.8396	     0
0.0840	    97	0.8404	     0
0.0841	    86	0.8412	     0
0.0842	    86	0.8420	     0
0.0843	   115	0.8429	     0
0.0844	    92	0.8437	     0
0.0845	    91	0.8445	     0
0.0845	    94	0.8454	     0
0.0846	    85	0.8462	     0
0.0847	    85	0.8470	     0
0.0848	   105	0.8479	     0
0.0849	    78	0.8487	     0
0.0850	   100	0.8495	     0
0.0850	   103	0.8503	     0
0.0851	   109	0.8512	     0
0.0852	    94	0.8520	     0
0.0853	    89	0.8528	     0
0.0854	    88	0.8537	     0
0.0854	   107	0.8545	     0
0.0855	    88	0.8553	     0
0.0856	    91	0.8562	     0
0.0857	    89	0.8570	     0
0.0858	    86	0.8578	     0
0.0859	    98	0.8586	     0
0.0859	   101	0.8595	     0
0.0860	   113	0.8603	     0
0.0861	   101	0.8611	     0
0.0862	   102	0.8620	     0
0.0863	   104	0.8628	     0
0.0864	    92	0.8636	     0
0.0864	    92	0.8645	     0
0.0865	   101	0.8653	     0
0.0866	    89	0.8661	     0
0.0867	    98	0.8669	     0
0.0868	   103	0.8678	     0
0.0869	    90	0.8686	     0
0.0869	    89	0.8694	     0
0.0870	    90	0.8703	     0
0.0871	   100	0.8711	     0
0.0872	    82	0.8719	     0
0.0873	    98	0.8728	     0
0.0874	    97	0.8736	     0
0.0874	   110	0.8744	     0
0.0875	    77	0.8752	     0
0.0876	    97	0.8761	     0
0.0877	    85	0.8769	     0
0.0878	    95	0.8777	     0
0.0879	   106	0.8786	     0
0.0879	   104	0.8794	     0
0.0880	   102	0.8802	     0
0.0881	    89	0.8811	     0
0.0882	    93	0.8819	     0
0.0883	   106	0.8827	     0
0.0884	    91	0.8835	     0
0.0884	    84	0.8844	     0
0.0885	   103	0.8852	     0
0.0886	   108	0.8860	     0
0.0887	    96	0.8869	     0
0.0888	    89	0.8877	     0
0.0889	   114	0.8885	     0
0.0889	    99	0.8894	     0
0.0890	   113	0.8902	     0
0.0891	   112	0.8910	     0
0.0892	    89	0.8918	     0
0.0893	   103	0.8927	     0
0.0894	   103	0.8935	     0
0.0894	    81	0.8943	     0
0.0895	    96	0.8952	     0
0.0896	    84	0.8960	     0
0.0897	    96	0.8968	     0
0.0898	    92	0.8977	     0
0.0898	    95	0.8985	     0
0.0899	   117	0.8993	     0
0.0900	   109	0.9001	     0
0.0901	   106	0.9010	     0
0.0902	   129	0.9018	     0
0.0903	   103	0.9026	     0
0.0903	   101	0.9035	     0
0.0904	   117	0.9043	     0
0.0905	   109	0.9051	     0
0.0906	   111	0.9060	     0
0.0907	    89	0.9068	     0
0.0908	   115	0.9076	     0
0.0908	   100	0.9084	     0
0.0909	   108	0.9093	     0
0.0910	   105	0.9101	     0
0.0911	   132	0.9109	     0
0.0912	   100	0.9118	     0
0.0913	   122	0.9126	     0
0.0913	   100	0.9134	     0
0.0914	   110	0.9143	     0
0.0915	    99	0.9151	     0
0.0916	   109	0.9159	     0
0.0917	   111	0.9167	     0
0.0918	   109	0.9176	     0
0.0918	   106	0.9184	     0
0.0919	   112	0.9192	     0
0.0920	   104	0.9201	     0
0.0921	   102	0.9209	     0
0.0922	   101	0.9217	     0
0.0923	   118	0.9226	     0
0.0923	    92	0.9234	     0
0.0924	   116	0.9242	     0
0.0925	   121	0.9250	     0
0.0926	   120	0.9259	     0
0.0927	   108	0.9267	     0
0.0928	   108	0.9275	     0
0.0928	   137	0.9284	     0
0.0929	   113	0.9292	     0
0.0930	   132	0.9300	     0
0.0931	    95	0.9309	     0
0.0932	   103	0.9317	     0
0.0933	   125	0.9325	     0
0.0933	   103	0.9333	     0
0.0934	    97	0.9342	     0
0.0935	   121	0.9350	     0
0.0936	   112	0.9358	     0
0.0937	   128	0.9367	     0
0.0938	   134	0.9375	     0
0.0938	   122	0.9383	     0
0.0939	   132	0.9392	     0
0.0940	   121	0.9400	     0
0.0941	   121	0.9408	     0
0.0942	   126	0.9417	     0
0.0942	   130	0.9425	     0
0.0943	   134	0.9433	     0
0.0944	   129	0.9441	     0
0.0945	   123	0.9450	     0
0.0946	   132	0.9458	     0
0.0947	   124	0.9466	     0
0.0947	   120	0.9475	     0
0.0948	   134	0.9483	     0
0.0949	   134	0.9491	     0
0.0950	   153	0.9500	     0
0.0951	   144	0.9508	     0
0.0952	   157	0.9516	     0
0.0952	   154	0.9524	     0
0.0953	   148	0.9533	     0
0.0954	   140	0.9541	     0
0.0955	   184	0.9549	     0
0.0956	   133	0.9558	     0
0.0957	   160	0.9566	     0
0.0957	   141	0.9574	     0
0.0958	   176	0.9583	     0
0.0959	   169	0.9591	     0
0.0960	   186	0.9599	     0
0.0961	   204	0.9607	     0
0.0962	   188	0.9616	     0
0.0962	   210	0.9624	     0
0.0963	   197	0.9632	     0
0.0964	   218	0.9641	     0
0.0965	   207	0.9649	     0
0.0966	   228	0.9657	     0
0.0967	   211	0.9666	     0
0.0967	   240	0.9674	     0
0.0968	   236	0.9682	     0
0.0969	   253	0.9690	     0
0.0970	   273	0.9699	     0
0.0971	   296	0.9707	     0
0.0972	   260	0.9715	     0
0.0972	   272	0.9724	     0
0.0973	   298	0.9732	     0
0.0974	   323	0.9740	     0
0.0975	   332	0.9749	     0
0.0976	   340	0.9757	     0
0.0977	   356	0.9765	     0
0.0977	   375	0.9773	     0
0.0978	   356	0.9782	     0
0.0979	   428	0.9790	     0
0.0980	   401	0.9798	     0
0.0981	   424	0.9807	     0
0.0981	   425	0.9815	     0
0.0982	   444	0.9823	     0
0.0983	   495	0.9832	     0
0.0984	   474	0.9840	     0
0.0985	   518	0.9848	     0
0.0986	   515	0.9856	     0
0.0986	   542	0.9865	     0
0.0987	   564	0.9873	     0
0.0988	   525	0.9881	     0
0.0989	   610	0.9890	     0
0.0990	   607	0.9898	     0
0.0991	   604	0.9906	     0
0.0991	   658	0.9915	     0
0.0992	   699	0.9923	     0
0.0993	   706	0.9931	     0
0.0994	   693	0.9939	     0
0.0995	   746	0.9948	     0
0.0996	   818	0.9956	     0
0.0996	   815	0.9964	     0
0.0997	   791	0.9973	     0
0.0998	   811	0.9981	     0
0.0999	   861	0.9989	     0
0.1000	   935	0.9998	     0
0.1001	   966	1.0006	     0
0.1001	   937	1.0014	     0
0.1002	   983	1.0022	     0
0.1003	  1037	1.0031	     0
0.1004	  1045	1.0039	     0
0.1005	  1026	1.0047	     0
0.1006	  1092	1.0056	     0
0.1006	  1114	1.0064	     0
0.1007	  1108	1.0072	     0
0.1008	  1181	1.0081	     0
0.1009	  1241	1.0089	     0
0.1010	  1252	1.0097	     0
0.1011	  1262	1.0105	     0
0.1011	  1296	1.0114	     0
0.1012	  1381	1.0122	     0
0.1013	  1342	1.0130	     0
0.1014	  1393	1.0139	     0
0.1015	  1387	1.0147	     0
0.1016	  1496	1.0155	     0
0.1016	  1478	1.0164	     0
0.1017	  1572	1.0172	     0
0.1018	  1588	1.0180	     0
0.1019	  1599	1.0188	     0
0.1020	  1663	1.0197	     0
0.1021	  1641	1.0205	     0
0.1021	  1675	1.0213	     0
0.1022	  1685	1.0222	     0
0.1023	  1724	1.0230	     0
0.1024	  1836	1.0238	     0
0.1025	  1682	1.0247	     0
0.1025	  1885	1.0255	     0
0.1026	  1820	1.0263	     0
0.1027	  1967	1.0271	     0
0.1028	  1958	1.0280	     0
0.1029	  1923	1.0288	     0
0.1030	  1954	1.0296	     0
0.1030	  1951	1.0305	     0
0.1031	  1952	1.0313	     0
0.1032	  1989	1.0321	     0
0.1033	  1977	1.0330	     0
0.1034	  2024	1.0338	     0
0.1035	  2102	1.0346	     0
0.1035	  2081	1.0354	     0
0.1036	  2165	1.0363	     0
0.1037	  2054	1.0371	     0
0.1038	  2130	1.0379	     0
0.1039	  2097	1.0388	     0
0.1040	  2075	1.0396	     0
0.1040	  2099	1.0404	     0
0.1041	  2058	1.0413	     0
0.1042	  2152	1.0421	     0
0.1043	  2097	1.0429	     0
0.1044	  2147	1.0438	     0
0.1045	  2083	1.0446	     0
0.1045	  2105	1.0454	     0
0.1046	  2099	1.0462	     0
0.1047	  2130	1.0471	     0
0.1048	  2102	1.0479	     0
0.1049	  2110	1.0487	     0
0.1050	  2064	1.0496	     0
0.1050	  2074	1.0504	     0
0.1051	  2007	1.0512	     0
0.1052	  2027	1.0521	     0
0.1053	  1981	1.0529	     0
0.1054	  1900	1.0537	     0
0.1055	  1877	1.0545	     0
0.1055	  1957	1.0554	     0
0.1056	  1930	1.0562	     0
0.1057	  1895	1.0570	     0
0.1058	  1886	1.0579	     0
0.1059	  1867	1.0587	     0
0.1060	  1845	1.0595	     0
0.1060	  1888	1.0604	     0
0.1061	  1709	1.0612	     0
0.1062	  1631	1.0620	     0
0.1063	  1726	1.0628	     0
0.1064	  1690	1.0637	     0
0.1065	  1664	1.0645	     0
0.1065	  1598	1.0653	     0
0.1066	  1619	1.0662	     0
0.1067	  1565	1.0670	     0
0.1068	  1436	1.0678	     0
0.1069	  1471	1.0687	     0
0.1069	  1407	1.0695	     0
0.1070	  1424	1.0703	     0
0.1071	  1461	1.0711	     0
0.1072	  1352	1.0720	     0
0.1073	  1256	1.0728	     0
0.1074	  1254	1.0736	     0
0.1074	  1301	1.0745	     0
0.1075	  1170	1.0753	     0
0.1076	  1141	1.0761	     0
0.1077	  1074	1.0770	     0
0.1078	  1150	1.0778	     0
0.1079	  1074	1.0786	     0
0.1079	   989	1.0794	     0
0.1080	   972	1.0803	     0
0.1081	   977	1.0811	     0
0.1082	   894	1.0819	     0
0.1083	   913	1.0828	     0
0.1084	   891	1.0836	     0
0.1084	   885	1.0844	     0
0.1085	   737	1.0853	     0
0.1086	   739	1.0861	     0
0.1087	   742	1.0869	     0
0.1088	   680	1.0877	     0
0.1089	   635	1.0886	     0
0.1089	   622	1.0894	     0
0.1090	   619	1.0902	     0
0.1091	   589	1.0911	     0
0.1092	   577	1.0919	     0
0.1093	   539	1.0927	     0
0.1094	   495	1.0936	     0
0.1094	   488	1.0944	     0
0.1095	   450	1.0952	     0
0.1096	   452	1.0960	     0
0.1097	   430	1.0969	     0
0.1098	   411	1.0977	     0
0.1099	   393	1.0985	     0
0.1099	   365	1.0994	     0
0.1100	   355	1.1002	     0
0.1101	   356	1.1010	     0
0.1102	   326	1.1019	     0
0.1103	   305	1.1027	     0
0.1104	   277	1.1035	     0
0.1104	   231	1.1043	     0
0.1105	   261	1.1052	     0
0.1106	   239	1.1060	     0
0.1107	   241	1.1068	     0
0.1108	   219	1.1077	     0
0.1108	   211	1.1085	     0
0.1109	   192	1.1093	     0
0.1110	   176	1.1102	     0
0.1111	   165	1.1110	     0
0.1112	   143	1.1118	     0
0.1113	   155	1.1126	     0
0.1113	   145	1.1135	     0
0.1114	   116	1.1143	     0
0.1115	   110	1.1151	     0
0.1116	   109	1.1160	     0
0.1117	    99	1.1168	     0
0.1118	    84	1.1176	     0
0.1118	    98	1.1185	     0
0.1119	    78	1.1193	     0
0.1120	    76	1.1201	     0
0.1121	    67	1.1209	     0
0.1122	    76	1.1218	     0
0.1123	    61	1.1226	     0
0.1123	    60	1.1234	     0
0.1124	    49	1.1243	     0
0.1125	    48	1.1251	     0
0.1126	    46	1.1259	     0
0.1127	    40	1.1268	     0
0.1128	    58	1.1276	     0
0.1128	    46	1.1284	     0
0.1129	    32	1.1292	     0
0.1130	    35	1.1301	     0
0.1131	    32	1.1309	     0
0.1132	    22	1.1317	     0
0.1133	    33	1.1326	     0
0.1133	    21	1.1334	     0
0.1134	    18	1.1342	     0
0.1135	    21	1.1351	     0
0.1136	    19	1.1359	     0
0.1137	    22	1.1367	     0
0.1138	    14	1.1375	     0
0.1138	    18	1.1384	     0
0.1139	    10	1.1392	     0
0.1140	    15	1.1400	     0
0.1141	    17	1.1409	     0
0.1142	    14	1.1417	     0
0.1143	    12	1.1425	     0
0.1143	     7	1.1434	     0
0.1144	     8	1.1442	     0
0.1145	    10	1.1450	     0
0.1146	     4	1.1458	     0
0.1147	    16	1.1467	     0
0.1148	    15	1.1475	     0
0.1148	     8	1.1483	     0
0.1149	     5	1.1492	     0
0.1150	    10	1.1500	     0
0.1151	     9	1.1508	     0
0.1152	     8	1.1517	     0
0.1152	     4	1.1525	     0
0.1153	     7	1.1533	     0
0.1154	     4	1.1542	     0
0.1155	     3	1.1550	     0
0.1156	     8	1.1558	     0
0.1157	     2	1.1566	     0
0.1157	     4	1.1575	     0
0.1158	     1	1.1583	     0
0.1159	     7	1.1591	     0
0.1160	     2	1.1600	     0
0.1161	     6	1.1608	     0
0.1162	    12	1.1616	     0
0.1162	     4	1.1625	     0
0.1163	     0	1.1633	     0
0.1164	     5	1.1641	     0
0.1165	     3	1.1649	     0
0.1166	     2	1.1658	     0
0.1167	     4	1.1666	     0
0.1167	     4	1.1674	     0
0.1168	     5	1.1683	     0
0.1169	     7	1.1691	     0
0.1170	     3	1.1699	     0
0.1171	     5	1.1708	     0
0.1172	     3	1.1716	     0
0.1172	     3	1.1724	     0
0.1173	     7	1.1732	     0
0.1174	     2	1.1741	     0
0.1175	     3	1.1749	     0
0.1176	     5	1.1757	     0
0.1177	     7	1.1766	     0
0.1177	     2	1.1774	     0
0.1178	     8	1.1782	     0
0.1179	     4	1.1791	     0
0.1180	     7	1.1799	     0
0.1181	     2	1.1807	     0
0.1182	     8	1.1815	     0
0.1182	     4	1.1824	     0
0.1183	     4	1.1832	     0
0.1184	     6	1.1840	     0
0.1185	     3	1.1849	     0
0.1186	     2	1.1857	     0
0.1187	     5	1.1865	     0
0.1187	     5	1.1874	     0
0.1188	     2	1.1882	     0
0.1189	     2	1.1890	     0
0.1190	     4	1.1898	     0
0.1191	     7	1.1907	     0
0.1192	     9	1.1915	     0
0.1192	     5	1.1923	     0
0.1193	     4	1.1932	     0
0.1194	     6	1.1940	     0
0.1195	     2	1.1948	     0
0.1196	     5	1.1957	     0
0.1196	     6	1.1965	     0
0.1197	     2	1.1973	     0
0.1198	     1	1.1981	     0
0.1199	     4	1.1990	     0
0.1200	     3	1.1998	     0
0.1201	     1	1.2006	     0
0.1201	     3	1.2015	     0
0.1202	     1	1.2023	     0
0.1203	     6	1.2031	     0
0.1204	     6	1.2040	     0
0.1205	     3	1.2048	     0
0.1206	     5	1.2056	     0
0.1206	     2	1.2064	     0
0.1207	     5	1.2073	     0
0.1208	     2	1.2081	     0
0.1209	     4	1.2089	     0
0.1210	     5	1.2098	     0
0.1211	     3	1.2106	     0
0.1211	     2	1.2114	     0
0.1212	     4	1.2123	     0
0.1213	     8	1.2131	     0
0.1214	     2	1.2139	     0
0.1215	     5	1.2147	     0
0.1216	     3	1.2156	     0
0.1216	     6	1.2164	     0
0.1217	     5	1.2172	     0
0.1218	     3	1.2181	     0
0.1219	     9	1.2189	     0
0.1220	     4	1.2197	     0
0.1221	     3	1.2206	     0
0.1221	     1	1.2214	     0
0.1222	     4	1.2222	     0
0.1223	     2	1.2230	     0
0.1224	     4	1.2239	     0
0.1225	     4	1.2247	     0
0.1226	     5	1.2255	     0
0.1226	     8	1.2264	     0
0.1227	     7	1.2272	     0
0.1228	     1	1.2280	     0
0.1229	     6	1.2289	     0
0.1230	     1	1.2297	     0
0.1231	     3	1.2305	     0
0.1231	     5	1.2313	     0
0.1232	     4	1.2322	     0
0.1233	     3	1.2330	     0
0.1234	     6	1.2338	     0
0.1235	     3	1.2347	     0
0.1235	     7	1.2355	     0
0.1236	     3	1.2363	     0
0.1237	     5	1.2372	     0
0.1238	     4	1.2380	     0
0.1239	     4	1.2388	     0
0.1240	     5	1.2396	     0
0.1240	     6	1.2405	     0
0.1241	     6	1.2413	     0
0.1242	     6	1.2421	     0
0.1243	     4	1.2430	     0
0.1244	     6	1.2438	     0
0.1245	     5	1.2446	     0
0.1245	     2	1.2455	     0
0.1246	     5	1.2463	     0
0.1247	     1	1.2471	     0
0.1248	     9	1.2479	     0
0.1249	     3	1.2488	     0
0.1250	     3	1.2496	     0
0.1250	     6	1.2504	     0
0.1251	     1	1.2513	     0
0.1252	     3	1.2521	     0
0.1253	     5	1.2529	     0
0.1254	     3	1.2538	     0
0.1255	     7	1.2546	     0
0.1255	     6	1.2554	     0
0.1256	     3	1.2562	     0
0.1257	     5	1.2571	     0
0.1258	     4	1.2579	     0
0.1259	     7	1.2587	     0
0.1260	     1	1.2596	     0
0.1260	     1	1.2604	     0
0.1261	     4	1.2612	     0
0.1262	     2	1.2621	     0
0.1263	     4	1.2629	     0
0.1264	     6	1.2637	     0
0.1265	     3	1.2646	     0
0.1265	     2	1.2654	     0
0.1266	     7	1.2662	     0
0.1267	     4	1.2670	     0
0.1268	     3	1.2679	     0
0.1269	     3	1.2687	     0
0.1270	     7	1.2695	     0
0.1270	     4	1.2704	     0
0.1271	     4	1.2712	     0
0.1272	     3	1.2720	     0
0.1273	     6	1.2729	     0
0.1274	     4	1.2737	     0
0.1275	     3	1.2745	     0
0.1275	     1	1.2753	     0
0.1276	     7	1.2762	     0
0.1277	     3	1.2770	     0
0.1278	     4	1.2778	     0
0.1279	     5	1.2787	     0
0.1279	     3	1.2795	     0
0.1280	     6	1.2803	     0
0.1281	     4	1.2812	     0
0.1282	     4	1.2820	     0
0.1283	     5	1.2828	     0
0.1284	     1	1.2836	     0
0.1284	     3	1.2845	     0
0.1285	     5	1.2853	     0
0.1286	     4	1.2861	     0
0.1287	     0	1.2870	     0
0.1288	     6	1.2878	     0
0.1289	     5	1.2886	     0
0.1289	     5	1.2895	     0
0.1290	     4	1.2903	     0
0.1291	     2	1.2911	     0
0.1292	     5	1.2919	     0
0.1293	     3	1.2928	     0
0.1294	     1	1.2936	     0
0.1294	     3	1.2944	     0
0.1295	     7	1.2953	     0
0.1296	     2	1.2961	     0
0.1297	     2	1.2969	     0
0.1298	     3	1.2978	     0
0.1299	     2	1.2986	     0
0.1299	     2	1.2994	     0
0.1300	     3	1.3002	     0
0.1301	     2	1.3011	     0
0.1302	     4	1.3019	     0
0.1303	     6	1.3027	     0
0.1304	     4	1.3036	     0
0.1304	     1	1.3044	     0
0.1305	     5	1.3052	     0
0.1306	     5	1.3061	     0
0.1307	     4	1.3069	     0
0.1308	     6	1.3077	     0
0.1309	     2	1.3085	     0
0.1309	     3	1.3094	     0
0.1310	     4	1.3102	     0
0.1311	     2	1.3110	     0
0.1312	     3	1.3119	     0
0.1313	     5	1.3127	     0
0.1314	     4	1.3135	     0
0.1314	     2	1.3144	     0
0.1315	     2	1.3152	     0
0.1316	     3	1.3160	     0
0.1317	     6	1.3168	     0
0.1318	     5	1.3177	     0
0.1319	     7	1.3185	     0
0.1319	     1	1.3193	     0
0.1320	     2	1.3202	     0
0.1321	     3	1.3210	     0
0.1322	     3	1.3218	     0
0.1323	     1	1.3227	     0
0.1323	     4	1.3235	     0
0.1324	     6	1.3243	     0
0.1325	     4	1.3251	     0
0.1326	     1	1.3260	     0
0.1327	     1	1.3268	     0
0.1328	     7	1.3276	     0
0.1328	     5	1.3285	     0
0.1329	     4	1.3293	     0
0.1330	     6	1.3301	     0
0.1331	     2	1.3310	     0
0.1332	     2	1.3318	     0
0.1333	     7	1.3326	     0
0.1333	     4	1.3334	     0
0.1334	     5	1.3343	     0
0.1335	     3	1.3351	     0
0.1336	     4	1.3359	     0
0.1337	     1	1.3368	     0
0.1338	     4	1.3376	     0
0.1338	     6	1.3384	     0
0.1339	     4	1.3393	     0
0.1340	     6	1.3401	     0
0.1341	     7	1.3409	     0
0.1342	     5	1.3417	     0
0.1343	     3	1.3426	     0
0.1343	     2	1.3434	     0
0.1344	     4	1.3442	     0
0.1345	     5	1.3451	     0
0.1346	     6	1.3459	     0
0.1347	     5	1.3467	     0
0.1348	     1	1.3476	     0
0.1348	     5	1.3484	     0
0.1349	     5	1.3492	     0
0.1350	     6	1.3500	     0
0.1351	     4	1.3509	     0
0.1352	     5	1.3517	     0
0.1353	     3	1.3525	     0
0.1353	     2	1.3534	     0
0.1354	     3	1.3542	     0
0.1355	     4	1.3550	     0
0.1356	     3	1.3559	     0
0.1357	     3	1.3567	     0
0.1358	     1	1.3575	     0
0.1358	     3	1.3583	     0
0.1359	     1	1.3592	     0
0.1360	     4	1.3600	     0
0.1361	     6	1.3608	     0
0.1362	     4	1.3617	     0
0.1363	     2	1.3625	     0
0.1363	     1	1.3633	     0
0.1364	     4	1.3642	     0
0.1365	     5	1.3650	     0
0.1366	     4	1.3658	     0
0.1367	     1	1.3667	     0
0.1367	     4	1.3675	     0
0.1368	     5	1.3683	     0
0.1369	     5	1.3691	     0
0.1370	     4	1.3700	     0
0.1371	     2	1.3708	     0
0.1372	     5	1.3716	     0
0.1372	     4	1.3725	     0
0.1373	     4	1.3733	     0
0.1374	     4	1.3741	     0
0.1375	     3	1.3750	     0
0.1376	     1	1.3758	     0
0.1377	     4	1.3766	     0
0.1377	     3	1.3774	     0
0.1378	     1	1.3783	     0
0.1379	     1	1.3791	     0
0.1380	     4	1.3799	     0
0.1381	     3	1.3808	     0
0.1382	     4	1.3816	     0
0.1382	     1	1.3824	     0
0.1383	     5	1.3833	     0
0.1384	     5	1.3841	     0
0.1385	     4	1.3849	     0
0.1386	     3	1.3857	     0
0.1387	     1	1.3866	     0
0.1387	     0	1.3874	     0
0.1388	     6	1.3882	     0
0.1389	     1	1.3891	     0
0.1390	     3	1.3899	     0
0.1391	     6	1.3907	     0
0.1392	     3	1.3916	     0
0.1392	     1	1.3924	     0
0.1393	     3	1.3932	     0
0.1394	     5	1.3940	     0
0.1395	     1	1.3949	     0
0.1396	     4	1.3957	     0
0.1397	     5	1.3965	     0
0.1397	     3	1.3974	     0
0.1398	     3	1.3982	     0
0.1399	     6	1.3990	     0
0.1400	     3	1.3999	     0
0.1401	     6	1.4007	     0
0.1402	     4	1.4015	     0
0.1402	     4	1.4023	     0
0.1403	     6	1.4032	     0
0.1404	     3	1.4040	     0
0.1405	     5	1.4048	     0
0.1406	     5	1.4057	     0
0.1406	     4	1.4065	     0
0.1407	     2	1.4073	     0
0.1408	     4	1.4082	     0
0.1409	     5	1.4090	     0
0.1410	     3	1.4098	     0
0.1411	     5	1.4106	     0
0.1411	     8	1.4115	     0
0.1412	     3	1.4123	     0
0.1413	     3	1.4131	     0
0.1414	     3	1.4140	     0
0.1415	     5	1.4148	     0
0.1416	     4	1.4156	     0
0.1416	     2	1.4165	     0
0.1417	     3	1.4173	     0
0.1418	     6	1.4181	     0
0.1419	     7	1.4189	     0
0.1420	     2	1.4198	     0
0.1421	     1	1.4206	     0
0.1421	     3	1.4214	     0
0.1422	     1	1.4223	     0
0.1423	     4	1.4231	     0
0.1424	     1	1.4239	     0
0.1425	     4	1.4248	     0
0.1426	     4	1.4256	     0
0.1426	     3	1.4264	     0
0.1427	     2	1.4272	     0
0.1428	     4	1.4281	     0
0.1429	     3	1.4289	     0
0.1430	     2	1.4297	     0
0.1431	     3	1.4306	     0
0.1431	     2	1.4314	     0
0.1432	     6	1.4322	     0
0.1433	     7	1.4331	     0
0.1434	     6	1.4339	     0
0.1435	     2	1.4347	     0
0.1436	     7	1.4355	     0
0.1436	     2	1.4364	     0
0.1437	     4	1.4372	     0
0.1438	     4	1.4380	     0
0.1439	     5	1.4389	     0
0.1440	     2	1.4397	     0
0.1441	     3	1.4405	     0
0.1441	     7	1.4414	     0
0.1442	     5	1.4422	     0
0.1443	     3	1.4430	     0
0.1444	     3	1.4438	     0
0.1445	     5	1.4447	     0
0.1446	     2	1.4455	     0
0.1446	     1	1.4463	     0
0.1447	     8	1.4472	     0
0.1448	     3	1.4480	     0
0.1449	     1	1.4488	     0
0.1450	     2	1.4497	     0
0.1450	     3	1.4505	     0
0.1451	     2	1.4513	     0
0.1452	     6	1.4521	     0
0.1453	     1	1.4530	     0
0.1454	     5	1.4538	     0
0.1455	     2	1.4546	     0
0.1455	     4	1.4555	     0
0.1456	     7	1.4563	     0
0.1457	     2	1.4571	     0
0.1458	     0	1.4580	     0
0.1459	     1	1.4588	     0
0.1460	     3	1.4596	     0
0.1460	     3	1.4604	     0
0.1461	     3	1.4613	     0
0.1462	     4	1.4621	     0
0.1463	     2	1.4629	     0
0.1464	     4	1.4638	     0
0.1465	     2	1.4646	     0
0.1465	     5	1.4654	     0
0.1466	     3	1.4663	     0
0.1467	     5	1.4671	     0
0.1468	     4	1.4679	     0
0.1469	     3	1.4688	     0
0.1470	     4	1.4696	     0
0.1470	     7	1.4704	     0
0.1471	     5	1.4712	     0
0.1472	     4	1.4721	     0
0.1473	     2	1.4729	     0
0.1474	     3	1.4737	     0
0.1475	     4	1.4746	     0
0.1475	     2	1.4754	     0
0.1476	     1	1.4762	     0
0.1477	     6	1.4771	     0
0.1478	     3	1.4779	     0
0.1479	     7	1.4787	     0
0.1480	     1	1.4795	     0
0.1480	     2	1.4804	     0
0.1481	     6	1.4812	     0
0.1482	     3	1.4820	     0
0.1483	     3	1.4829	     0
0.1484	     1	1.4837	     0
0.1485	     1	1.4845	     0
0.1485	     3	1.4854	     0
0.1486	     0	1.4862	     0
0.1487	     6	1.4870	     0
0.1488	     4	1.4878	     0
0.1489	     4	1.4887	     0
0.1490	     3	1.4895	     0
0.1490	     0	1.4903	     0
0.1491	     3	1.4912	     0
0.1492	     3	1.4920	     0
0.1493	     1	1.4928	     0
0.1494	     2	1.4937	     0
0.1494	     6	1.4945	     0
0.1495	     2	1.4953	     0
0.1496	     3	1.4961	     0
0.1497	     5	1.4970	     0
0.1498	     2	1.4978	     0
0.1499	     3	1.4986	     0
0.1499	     6	1.4995	     0
0.1500	     3	1.5003	     0
0.1501	     3	1.5011	     0
0.1502	     5	1.5020	     0
0.1503	     2	1.5028	     0
0.1504	     8	1.5036	     0
0.1504	     3	1.5044	     0
0.1505	     7	1.5053	     0
0.1506	     2	1.5061	     0
0.1507	     4	1.5069	     0
0.1508	     7	1.5078	     0
0.1509	     5	1.5086	     0
0.1509	     4	1.5094	     0
0.1510	     5	1.5103	     0
0.1511	     3	1.5111	     0
0.1512	     2	1.5119	     0
0.1513	     1	1.5127	     0
0.1514	     2	1.5136	     0
0.1514	     4	1.5144	     0
0.1515	     5	1.5152	     0
0.1516	     3	1.5161	     0
0.1517	     5	1.5169	     0
0.1518	     2	1.5177	     0
0.1519	     5	1.5186	     0
0.1519	     7	1.5194	     0
0.1520	     2	1.5202	     0
0.1521	     1	1.5210	     0
0.1522	     5	1.5219	     0
0.1523	     2	1.5227	     0
0.1524	     4	1.5235	     0
0.1524	     7	1.5244	     0
0.1525	     4	1.5252	     0
0.1526	     0	1.5260	     0
0.1527	     6	1.5269	     0
0.1528	     1	1.5277	     0
0.1529	     1	1.5285	     0
0.1529	     2	1.5293	     0
0.1530	     2	1.5302	     0
0.1531	     3	1.5310	     0
0.1532	     4	1.5318	     0
0.1533	     2	1.5327	     0
0.1533	     3	1.5335	     0
0.1534	     4	1.5343	     0
0.1535	     1	1.5352	     0
0.1536	     0	1.5360	     0
0.1537	     1	1.5368	     0
0.1538	     3	1.5376	     0
0.1538	     2	1.5385	     0
0.1539	     0	1.5393	     0
0.1540	     2	1.5401	     0
0.1541	     3	1.5410	     0
0.1542	     6	1.5418	     0
0.1543	     2	1.5426	     0
0.1543	     2	1.5435	     0
0.1544	     1	1.5443	     0
0.1545	     4	1.5451	     0
0.1546	     5	1.5459	     0
0.1547	     3	1.5468	     0
0.1548	     6	1.5476	     0
0.1548	     5	1.5484	     0
0.1549	     5	1.5493	     0
0.1550	     2	1.5501	     0
0.1551	     4	1.5509	     0
0.1552	     3	1.5518	     0
0.1553	     4	1.5526	     0
0.1553	     1	1.5534	     0
0.1554	     5	1.5542	     0
0.1555	     3	1.5551	     0
0.1556	     2	1.5559	     0
0.1557	     2	1.5567	     0
0.1558	     4	1.5576	     0
0.1558	     5	1.5584	     0
0.1559	     3	1.5592	     0
0.1560	     3	1.5601	     0
0.1561	     4	1.5609	     0
0.1562	     5	1.5617	     0
0.1563	     3	1.5625	     0
0.1563	     1	1.5634	     0
0.1564	     3	1.5642	     0
0.1565	     2	1.5650	     0
0.1566	     2	1.5659	     0
0.1567	     3	1.5667	     0
0.1568	     2	1.5675	     0
0.1568	     3	1.5684	     0
0.1569	     1	1.5692	     0
0.1570	     3	1.5700	     0
0.1571	     0	1.5708	     0
0.1572	     2	1.5717	     0
0.1573	     2	1.5725	     0
0.1573	     0	1.5733	     0
0.1574	     6	1.5742	     0
0.1575	     4	1.5750	     0
0.1576	     3	1.5758	     0
0.1577	     1	1.5767	     0
0.1577	     0	1.5775	     0
0.1578	     0	1.5783	     0
0.1579	     4	1.5792	     0
0.1580	     1	1.5800	     0
0.1581	     2	1.5808	     0
0.1582	     2	1.5816	     0
0.1582	     2	1.5825	     0
0.1583	     3	1.5833	     0
0.1584	     2	1.5841	     0
0.1585	     6	1.5850	     0
0.1586	     2	1.5858	     0
0.1587	     4	1.5866	     0
0.1587	     3	1.5875	     0
0.1588	     4	1.5883	     0
0.1589	     3	1.5891	     0
0.1590	     2	1.5899	     0
0.1591	     1	1.5908	     0
0.1592	     6	1.5916	     0
0.1592	     5	1.5924	     0
0.1593	     1	1.5933	     0
0.1594	     4	1.5941	     0
0.1595	     3	1.5949	     0
0.1596	     0	1.5958	     0
0.1597	     1	1.5966	     0
0.1597	     2	1.5974	     0
0.1598	     3	1.5982	     0
0.1599	     1	1.5991	     0
0.1600	     2	1.5999	     0
0.1601	     2	1.6007	     0
0.1602	     3	1.6016	     0
0.1602	     5	1.6024	     0
0.1603	     2	1.6032	     0
0.1604	     5	1.6041	     0
0.1605	     3	1.6049	     0
0.1606	     2	1.6057	     0
0.1607	     1	1.6065	     0
0.1607	     1	1.6074	     0
0.1608	     1	1.6082	     0
0.1609	     2	1.6090	     0
0.1610	     3	1.6099	     0
0.1611	     6	1.6107	     0
0.1612	     0	1.6115	     0
0.1612	     1	1.6124	     0
0.1613	     3	1.6132	     0
0.1614	     2	1.6140	     0
0.1615	     1	1.6148	     0
0.1616	     3	1.6157	     0
0.1617	     2	1.6165	     0
0.1617	     1	1.6173	     0
0.1618	     3	1.6182	     0
0.1619	     0	1.6190	     0
0.1620	     0	1.6198	     0
0.1621	     2	1.6207	     0
0.1621	     3	1.6215	     0
0.1622	     1	1.6223	     0
0.1623	     3	1.6231	     0
0.1624	     2	1.6240	     0
0.1625	     1	1.6248	     0
0.1626	     3	1.6256	     0
0.1626	     0	1.6265	     0
0.1627	     1	1.6273	     0
0.1628	     4	1.6281	     0
0.1629	     1	1.6290	     0
0.1630	     0	1.6298	     0
0.1631	     2	1.6306	     0
0.1631	     3	1.6314	     0
0.1632	     2	1.6323	     0
0.1633	     3	1.6331	     0
0.1634	     2	1.6339	     0
0.1635	     2	1.6348	     0
0.1636	     1	1.6356	     0
0.1636	     0	1.6364	     0
0.1637	     4	1.6373	     0
0.1638	     4	1.6381	     0
0.1639	     1	1.6389	     0
0.1640	     0	1.6397	     0
0.1641	     4	1.6406	     0
0.1641	     0	1.6414	     0
0.1642	     3	1.6422	     0
0.1643	     4	1.6431	     0
0.1644	     3	1.6439	     0
0.1645	     3	1.6447	     0
0.1646	     2	1.6456	     0
0.1646	     5	1.6464	     0
0.1647	     3	1.6472	     0
0.1648	     5	1.6480	     0
0.1649	     4	1.6489	     0
0.1650	     3	1.6497	     0
0.1651	     4	1.6505	     0
0.1651	     2	1.6514	     0
0.1652	     2	1.6522	     0
0.1653	     2	1.6530	     0
0.1654	     2	1.6539	     0
0.1655	     3	1.6547	     0
0.1656	     2	1.6555	     0
0.1656	     8	1.6563	     0
0.1657	     1	1.6572	     0
0.1658	     2	1.6580	     0
0.1659	     2	1.6588	     0
0.1660	     2	1.6597	     0
0.1660	     6	1.6605	     0
0.1661	     3	1.6613	     0
0.1662	     3	1.6622	     0
0.1663	     2	1.6630	     0
0.1664	     1	1.6638	     0
0.1665	     2	1.6646	     0
0.1665	     3	1.6655	     0
0.1666	     2	1.6663	     0
0.1667	     2	1.6671	     0
0.1668	     0	1.6680	     0
0.1669	     1	1.6688	     0
0.1670	     3	1.6696	     0
0.1670	     3	1.6705	     0
0.1671	     1	1.6713	     0
0.1672	     6	1.6721	     0
0.1673	     3	1.6729	     0
0.1674	     4	1.6738	     0
0.1675	     6	1.6746	     0
0.1675	     2	1.6754	     0
0.1676	     1	1.6763	     0
0.1677	     3	1.6771	     0
0.1678	     2	1.6779	     0
0.1679	     6	1.6788	     0
0.1680	     0	1.6796	     0
0.1680	     3	1.6804	     0
0.1681	     3	1.6812	     0
0.1682	     1	1.6821	     0
0.1683	     0	1.6829	     0
0.1684	     1	1.6837	     0
0.1685	     3	1.6846	     0
0.1685	     3	1.6854	     0
0.1686	     4	1.6862	     0
0.1687	     5	1.6871	     0
0.1688	     2	1.6879	     0
0.1689	     1	1.6887	     0
0.1690	     0	1.6896	     0
0.1690	     2	1.6904	     0
0.1691	     1	1.6912	     0
0.1692	     5	1.6920	     0
0.1693	     2	1.6929	     0
0.1694	     1	1.6937	     0
0.1695	     2	1.6945	     0
0.1695	     6	1.6954	     0
0.1696	     5	1.6962	     0
0.1697	     4	1.6970	     0
0.1698	     4	1.6979	     0
0.1699	     3	1.6987	     0
0.1700	     3	1.6995	     0
0.1700	     5	1.7003	     0
0.1701	     1	1.7012	     0
0.1702	     5	1.7020	     0
0.1703	     2	1.7028	     0
0.1704	     1	1.7037	     0
0.1704	     4	1.7045	     0
0.1705	     2	1.7053	     0
0.1706	     1	1.7062	     0
0.1707	     3	1.7070	     0
0.1708	     6	1.7078	     0
0.1709	     3	1.7086	     0
0.1709	     7	1.7095	     0
0.1710	     4	1.7103	     0
0.1711	     4	1.7111	     0
0.1712	     2	1.7120	     0
0.1713	     2	1.7128	     0
0.1714	     1	1.7136	     0
0.1714	     4	1.7145	     0
0.1715	     2	1.7153	     0
0.1716	     6	1.7161	     0
0.1717	     1	1.7169	     0
0.1718	     0	1.7178	     0
0.1719	     1	1.7186	     0
0.1719	     1	1.7194	     0
0.1720	     5	1.7203	     0
0.1721	     2	1.7211	     0
0.1722	     3	1.7219	     0
0.1723	     3	1.7228	     0
0.1724	     5	1.7236	     0
0.1724	     3	1.7244	     0
0.1725	     2	1.7252	     0
0.1726	     0	1.7261	     0
0.1727	     1	1.7269	     0
0.1728	     1	1.7277	     0
0.1729	     2	1.7286	     0
0.1729	     4	1.7294	     0
0.1730	     4	1.7302	     0
0.1731	     1	1.7311	     0
0.1732	     2	1.7319	     0
0.1733	     3	1.7327	     0
0.1734	     4	1.7335	     0
0.1734	     3	1.7344	     0
0.1735	     2	1.7352	     0
0.1736	     1	1.7360	     0
0.1737	     2	1.7369	     0
0.1738	     4	1.7377	     0
0.1739	     5	1.7385	     0
0.1739	     1	1.7394	     0
0.1740	     1	1.7402	     0
0.1741	     2	1.7410	     0
0.1742	     5	1.7418	     0
0.1743	     2	1.7427	     0
0.1744	     3	1.7435	     0
0.1744	     3	1.7443	     0
0.1745	     7	1.7452	     0
0.1746	     4	1.7460	     0
0.1747	     4	1.7468	     0
0.1748	     3	1.7477	     0
0.1748	     0	1.7485	     0
0.1749	     3	1.7493	     0
0.1750	     5	1.7501	     0
0.1751	     6	1.7510	     0
0.1752	     1	1.7518	     0
0.1753	     2	1.7526	     0
0.1753	     2	1.7535	     0
0.1754	     3	1.7543	     0
0.1755	     3	1.7551	     0
0.1756	     2	1.7560	     0
0.1757	     2	1.7568	     0
0.1758	     2	1.7576	     0
0.1758	     1	1.7584	     0
0.1759	     3	1.7593	     0
0.1760	     6	1.7601	     0
0.1761	     3	1.7609	     0
0.1762	     4	1.7618	     0
0.1763	     1	1.7626	     0
0.1763	     5	1.7634	     0
0.1764	     2	1.7643	     0
0.1765	     0	1.7651	     0
0.1766	     7	1.7659	     0
0.1767	     4	1.7667	     0
0.1768	     6	1.7676	     0
0.1768	     6	1.7684	     0
0.1769	     4	1.7692	     0
0.1770	     2	1.7701	     0
0.1771	     4	1.7709	     0
0.1772	     3	1.7717	     0
0.1773	     0	1.7726	     0
0.1773	     2	1.7734	     0
0.1774	     3	1.7742	     0
0.1775	     6	1.7750	     0
0.1776	     6	1.7759	     0
0.1777	     2	1.7767	     0
0.1778	     3	1.7775	     0
0.1778	     4	1.7784	     0
0.1779	     3	1.7792	     0
0.1780	     2	1.7800	     0
0.1781	     5	1.7809	     0
0.1782	     1	1.7817	     0
0.1783	     5	1.7825	     0
0.1783	     1	1.7833	     0
0.1784	     3	1.7842	     0
0.1785	     1	1.7850	     0
0.1786	     1	1.7858	     0
0.1787	     5	1.7867	     0
0.1788	     1	1.7875	     0
0.1788	     4	1.7883	     0
0.1789	     4	1.7892	     0
0.1790	     4	1.7900	     0
0.1791	     7	1.7908	     0
0.1792	     2	1.7917	     0
0.1792	     1	1.7925	     0
0.1793	     3	1.7933	     0
0.1794	     4	1.7941	     0
0.1795	     4	1.7950	     0
0.1796	     5	1.7958	     0
0.1797	     0	1.7966	     0
0.1797	     7	1.7975	     0
0.1798	     3	1.7983	     0
0.1799	     4	1.7991	     0
0.1800	     2	1.8000	     0
0.1801	     2	1.8008	     0
0.1802	     3	1.8016	     0
0.1802	     4	1.8024	     0
0.1803	     3	1.8033	     0
0.1804	     3	1.8041	     0
0.1805	     1	1.8049	     0
0.1806	     1	1.8058	     0
0.1807	     6	1.8066	     0
0.1807	     4	1.8074	     0
0.1808	     4	1.8083	     0
0.1809	     3	1.8091	     0
0.1810	     4	1.8099	     0
0.1811	     1	1.8107	     0
0.1812	     5	1.8116	     0
0.1812	     4	1.8124	     0
0.1813	     4	1.8132	     0
0.1814	     3	1.8141	     0
0.1815	     1	1.8149	     0
0.1816	     3	1.8157	     0
0.1817	     4	1.8166	     0
0.1817	     3	1.8174	     0
0.1818	     0	1.8182	     0
0.1819	     5	1.8190	     0
0.1820	     2	1.8199	     0
0.1821	     0	1.8207	     0
0.1822	     3	1.8215	     0
0.1822	     1	1.8224	     0
0.1823	     4	1.8232	     0
0.1824	     3	1.8240	     0
0.1825	     3	1.8249	     0
0.1826	     4	1.8257	     0
0.1827	     4	1.8265	     0
0.1827	     5	1.8273	     0
0.1828	     3	1.8282	     0
0.1829	     1	1.8290	     0
0.1830	     6	1.8298	     0
0.1831	     3	1.8307	     0
0.1831	     3	1.8315	     0
0.1832	     2	1.8323	     0
0.1833	     3	1.8332	     0
0.1834	     4	1.8340	     0
0.1835	     3	1.8348	     0
0.1836	     1	1.8356	     0
0.1836	     1	1.8365	     0
0.1837	     0	1.8373	     0
0.1838	     4	1.8381	     0
0.1839	     4	1.8390	     0
0.1840	     2	1.8398	     0
0.1841	     3	1.8406	     0
0.1841	     2	1.8415	     0
0.1842	     2	1.8423	     0
0.1843	     3	1.8431	     0
0.1844	     0	1.8439	     0
0.1845	     3	1.8448	     0
0.1846	     1	1.8456	     0
0.1846	     3	1.8464	     0
0.1847	     2	1.8473	     0
0.1848	     1	1.8481	     0
0.1849	     4	1.8489	     0
0.1850	     2	1.8498	     0
0.1851	     2	1.8506	     0
0.1851	     1	1.8514	     0
0.1852	     5	1.8522	     0
0.1853	     0	1.8531	     0
0.1854	     2	1.8539	     0
0.1855	     2	1.8547	     0
0.1856	     3	1.8556	     0
0.1856	     2	1.8564	     0
0.1857	     4	1.8572	     0
0.1858	     4	1.8581	     0
0.1859	     3	1.8589	     0
0.1860	     5	1.8597	     0
0.1861	     1	1.8605	     0
0.1861	     2	1.8614	     0
0.1862	     3	1.8622	     0
0.1863	     1	1.8630	     0
0.1864	     3	1.8639	     0
0.1865	     3	1.8647	     0
0.1866	     3	1.8655	     0
0.1866	     4	1.8664	     0
0.1867	     2	1.8672	     0
0.1868	     3	1.8680	     0
0.1869	     2	1.8688	     0
0.1870	     1	1.8697	     0
0.1871	     4	1.8705	     0
0.1871	     3	1.8713	     0
0.1872	     1	1.8722	     0
0.1873	     2	1.8730	     0
0.1874	     4	1.8738	     0
0.1875	     3	1.8747	     0
0.1875	     3	1.8755	     0
0.1876	     4	1.8763	     0
0.1877	     4	1.8771	     0
0.1878	     5	1.8780	     0
0.1879	     2	1.8788	     0
0.1880	     0	1.8796	     0
0.1880	     3	1.8805	     0
0.1881	     6	1.8813	     0
0.1882	     2	1.8821	     0
0.1883	     2	1.8830	     0
0.1884	     3	1.8838	     0
0.1885	     4	1.8846	     0
0.1885	     5	1.8854	     0
0.1886	     1	1.8863	     0
0.1887	     1	1.8871	     0
0.1888	     0	1.8879	     0
0.1889	     3	1.8888	     0
0.1890	     5	1.8896	     0
0.1890	     0	1.8904	     0
0.1891	     2	1.8913	     0
0.1892	     2	1.8921	     0
0.1893	     1	1.8929	     0
0.1894	     2	1.8938	     0
0.1895	     3	1.8946	     0
0.1895	     1	1.8954	     0
0.1896	     5	1.8962	     0
0.1897	     1	1.8971	     0
0.1898	     2	1.8979	     0
0.1899	     2	1.8987	     0
0.1900	     3	1.8996	     0
0.1900	     5	1.9004	     0
0.1901	     3	1.9012	     0
0.1902	     2	1.9021	     0
0.1903	     2	1.9029	     0
0.1904	     2	1.9037	     0
0.1905	     4	1.9045	     0
0.1905	     2	1.9054	     0
0.1906	     4	1.9062	     0
0.1907	     0	1.9070	     0
0.1908	     1	1.9079	     0
0.1909	     0	1.9087	     0
0.1910	     5	1.9095	     0
0.1910	     1	1.9104	     0
0.1911	     1	1.9112	     0
0.1912	     3	1.9120	     0
0.1913	     3	1.9128	     0
0.1914	     1	1.9137	     0
0.1915	     0	1.9145	     0
0.1915	     2	1.9153	     0
0.1916	     1	1.9162	     0
0.1917	     0	1.9170	     0
0.1918	     4	1.9178	     0
0.1919	     1	1.9187	     0
0.1919	     1	1.9195	     0
0.1920	     2	1.9203	     0
0.1921	     0	1.9211	     0
0.1922	     2	1.9220	     0
0.1923	     0	1.9228	     0
0.1924	     0	1.9236	     0
0.1924	     3	1.9245	     0
0.1925	     4	1.9253	     0
0.1926	     5	1.9261	     0
0.1927	     1	1.9270	     0
0.1928	     3	1.9278	     0
0.1929	     4	1.9286	     0
0.1929	     1	1.9294	     0
0.1930	     2	1.9303	     0
0.1931	     4	1.9311	     0
0.1932	     4	1.9319	     0
0.1933	     3	1.9328	     0
0.1934	     1	1.9336	     0
0.1934	     1	1.9344	     0
0.1935	     4	1.9353	     0
0.1936	     6	1.9361	     0
0.1937	     3	1.9369	     0
0.1938	     3	1.9377	     0
0.1939	     1	1.9386	     0
0.1939	     3	1.9394	     0
0.1940	     1	1.9402	     0
0.1941	     2	1.9411	     0
0.1942	     3	1.9419	     0
0.1943	     6	1.9427	     0
0.1944	     2	1.9436	     0
0.1944	     4	1.9444	     0
0.1945	     5	1.9452	     0
0.1946	     2	1.9460	     0
0.1947	     3	1.9469	     0
0.1948	     1	1.9477	     0
0.1949	     2	1.9485	     0
0.1949	     6	1.9494	     0
0.1950	     0	1.9502	     0
0.1951	     0	1.9510	     0
0.1952	     0	1.9519	     0
0.1953	     4	1.9527	     0
0.1954	     6	1.9535	     0
0.1954	     8	1.9543	     0
0.1955	     2	1.9552	     0
0.1956	     4	1.9560	     0
0.1957	     2	1.9568	     0
0.1958	     1	1.9577	     0
0.1958	     1	1.9585	     0
0.1959	     1	1.9593	     0
0.1960	     2	1.9602	     0
0.1961	     4	1.9610	     0
0.1962	     4	1.9618	     0
0.1963	     6	1.9626	     0
0.1963	     2	1.9635	     0
0.1964	     2	1.9643	     0
0.1965	     0	1.9651	     0
0.1966	     2	1.9660	     0
0.1967	     4	1.9668	     0
0.1968	     2	1.9676	     0
0.1968	     2	1.9685	     0
0.1969	     2	1.9693	     0
0.1970	     2	1.9701	     0
0.1971	     1	1.9709	     0
0.1972	     3	1.9718	     0
0.1973	     5	1.9726	     0
0.1973	     2	1.9734	     0
0.1974	     6	1.9743	     0
0.1975	     5	1.9751	     0
0.1976	     3	1.9759	     0
0.1977	     7	1.9768	     0
0.1978	     3	1.9776	     0
0.1978	     4	1.9784	     0
0.1979	     2	1.9792	     0
0.1980	     3	1.9801	     0
0.1981	     2	1.9809	     0
0.1982	     4	1.9817	     0
0.1983	     3	1.9826	     0
0.1983	     5	1.9834	     0
0.1984	     6	1.9842	     0
0.1985	     5	1.9851	     0
0.1986	     8	1.9859	     0
0.1987	     7	1.9867	     0
0.1988	     2	1.9875	     0
0.1988	     9	1.9884	     0
0.1989	     6	1.9892	     0
0.1990	     4	1.9900	     0
0.1991	     5	1.9909	     0
0.1992	     6	1.9917	     0
0.1993	     4	1.9925	     0
0.1993	     9	1.9934	     0
0.1994	     7	1.9942	     0
0.1995	    13	1.9950	     0
0.1996	     4	1.9958	     0
0.1997	     5	1.9967	     0
0.1998	     9	1.9975	     0
0.1998	     8	1.9983	     0
0.1999	     9	1.9992	     0
