A	B	A'	B'	A'B	AB	AB'	A'B'	HWP_A	HWP_B	E	Comments:	Duration (s)	Sub. Acc.?
49649.27	91033.87	0.00	0.00	0.00	2068.60	0.00	0.00	270.00	28.00	1.00		15.0	N
52790.60	91524.60	0.00	0.00	0.00	1911.88	0.00	0.00	281.25	28.00	1.00		15.0	N
59309.53	91174.33	0.00	0.00	0.00	1294.86	0.00	0.00	292.50	28.00	1.00		15.0	N
65909.53	90814.07	0.00	0.00	0.00	594.01	0.00	0.00	303.75	28.00	1.00		15.0	N
69755.53	90658.53	0.00	0.00	0.00	134.76	0.00	0.00	315.00	28.00	1.00		15.0	N
67498.80	91521.87	0.00	0.00	0.00	284.29	0.00	0.00	326.25	28.00	1.00		15.0	N
60226.27	90382.27	0.00	0.00	0.00	810.50	0.00	0.00	337.50	28.00	1.00		15.0	N
51298.87	90448.13	0.00	0.00	0.00	1596.00	0.00	0.00	348.75	28.00	1.00		15.0	N
47415.40	90400.00	0.00	0.00	0.00	2006.74	0.00	0.00	0.00	28.00	1.00		15.0	N
47587.00	94568.47	0.00	0.00	0.00	1840.53	0.00	0.00	0.00	39.25	1.00		15.0	N
51230.93	94257.60	0.00	0.00	0.00	1783.24	0.00	0.00	348.75	39.25	1.00		15.0	N
59591.00	95237.53	0.00	0.00	0.00	1337.51	0.00	0.00	337.50	39.25	1.00		15.0	N
66760.40	94818.80	0.00	0.00	0.00	770.37	0.00	0.00	326.25	39.25	1.00		15.0	N
68864.80	94249.13	0.00	0.00	0.00	374.83	0.00	0.00	315.00	39.25	1.00		15.0	N
65150.53	94304.00	0.00	0.00	0.00	430.49	0.00	0.00	303.75	39.25	1.00		15.0	N
57648.87	94274.73	0.00	0.00	0.00	892.19	0.00	0.00	292.50	39.25	1.00		15.0	N
50542.87	94376.20	0.00	0.00	0.00	1498.63	0.00	0.00	281.25	39.25	1.00		15.0	N
49265.20	96148.20	0.00	0.00	0.00	1892.77	0.00	0.00	270.00	39.25	1.00		15.0	N
49472.27	107897.53	0.00	0.00	0.00	1275.82	0.00	0.00	270.00	50.50	1.00		15.0	N
50946.47	107245.87	0.00	0.00	0.00	856.03	0.00	0.00	281.25	50.50	1.00		15.0	N
58511.40	107555.47	0.00	0.00	0.00	704.47	0.00	0.00	292.50	50.50	1.00		15.0	N
65276.40	107101.67	0.00	0.00	0.00	839.15	0.00	0.00	303.75	50.50	1.00		15.0	N
70496.40	112827.60	0.00	0.00	0.00	1266.86	0.00	0.00	315.00	50.50	1.00		15.0	N
66243.80	107251.93	0.00	0.00	0.00	1592.35	0.00	0.00	326.25	50.50	1.00		15.0	N
59585.27	107236.80	0.00	0.00	0.00	1754.24	0.00	0.00	337.50	50.50	1.00		15.0	N
51186.73	107167.87	0.00	0.00	0.00	1570.08	0.00	0.00	348.75	50.50	1.00		15.0	N
47196.13	107151.13	0.00	0.00	0.00	1207.83	0.00	0.00	0.00	50.50	1.00		15.0	N
51432.13	138257.27	0.00	0.00	0.00	622.36	0.00	0.00	0.00	61.75	1.00		15.0	N
51408.40	122175.67	0.00	0.00	0.00	1090.59	0.00	0.00	348.75	61.75	1.00		15.0	N
59431.47	121836.87	0.00	0.00	0.00	1865.92	0.00	0.00	337.50	61.75	1.00		15.0	N
66297.60	121897.40	0.00	0.00	0.00	2287.25	0.00	0.00	326.25	61.75	1.00		15.0	N
68906.67	121719.67	0.00	0.00	0.00	2169.26	0.00	0.00	315.00	61.75	1.00		15.0	N
65234.93	122650.40	0.00	0.00	0.00	1521.26	0.00	0.00	303.75	61.75	1.00		15.0	N
57845.40	121842.53	0.00	0.00	0.00	820.12	0.00	0.00	292.50	61.75	1.00		15.0	N
50785.80	121667.53	0.00	0.00	0.00	391.08	0.00	0.00	281.25	61.75	1.00		15.0	N
49516.27	123398.00	0.00	0.00	0.00	521.90	0.00	0.00	270.00	61.75	1.00		15.0	N
48839.67	129609.73	0.00	0.00	0.00	130.10	0.00	0.00	270.00	73.00	1.00		15.0	N
52253.67	133138.87	0.00	0.00	0.00	390.70	0.00	0.00	281.25	73.00	1.00		15.0	N
58820.33	130898.20	0.00	0.00	0.00	1279.94	0.00	0.00	292.50	73.00	1.00		15.0	N
65344.20	130058.13	0.00	0.00	0.00	2208.15	0.00	0.00	303.75	73.00	1.00		15.0	N
69183.13	130294.53	0.00	0.00	0.00	2715.19	0.00	0.00	315.00	73.00	1.00		15.0	N
66518.00	129825.20	0.00	0.00	0.00	2458.44	0.00	0.00	326.25	73.00	1.00		15.0	N
59900.13	130769.07	0.00	0.00	0.00	1659.40	0.00	0.00	337.50	73.00	1.00		15.0	N
51190.33	129783.53	0.00	0.00	0.00	632.63	0.00	0.00	348.75	73.00	1.00		15.0	N
47221.13	129644.73	0.00	0.00	0.00	129.51	0.00	0.00	0.00	73.00	1.00		15.0	N
47238.73	125506.93	0.00	0.00	0.00	345.31	0.00	0.00	0.00	84.25	1.00		15.0	N
51210.87	125818.60	0.00	0.00	0.00	455.03	0.00	0.00	348.75	84.25	1.00		15.0	N
59417.87	125583.87	0.00	0.00	0.00	1173.78	0.00	0.00	337.50	84.25	1.00		15.0	N
66103.20	125545.87	0.00	0.00	0.00	1923.08	0.00	0.00	326.25	84.25	1.00		15.0	N
68902.07	125554.27	0.00	0.00	0.00	2480.22	0.00	0.00	315.00	84.25	1.00		15.0	N
65378.13	125688.07	0.00	0.00	0.00	2361.23	0.00	0.00	303.75	84.25	1.00		15.0	N
57898.00	125675.73	0.00	0.00	0.00	1683.84	0.00	0.00	292.50	84.25	1.00		15.0	N
51035.93	125988.93	0.00	0.00	0.00	823.17	0.00	0.00	281.25	84.25	1.00		15.0	N
50514.20	129634.53	0.00	0.00	0.00	348.18	0.00	0.00	270.00	84.25	1.00		15.0	N
49070.27	113106.27	0.00	0.00	0.00	959.90	0.00	0.00	270.00	95.50	1.00		15.0	N
50978.67	113467.53	0.00	0.00	0.00	1453.56	0.00	0.00	281.25	95.50	1.00		15.0	N
58283.20	113090.67	0.00	0.00	0.00	1909.42	0.00	0.00	292.50	95.50	1.00		15.0	N
65799.20	113445.13	0.00	0.00	0.00	1973.49	0.00	0.00	303.75	95.50	1.00		15.0	N
68983.27	113150.80	0.00	0.00	0.00	1687.48	0.00	0.00	315.00	95.50	1.00		15.0	N
66520.73	113180.13	0.00	0.00	0.00	1169.91	0.00	0.00	326.25	95.50	1.00		15.0	N
59503.93	113043.00	0.00	0.00	0.00	756.27	0.00	0.00	337.50	95.50	1.00		15.0	N
51298.93	113001.60	0.00	0.00	0.00	673.56	0.00	0.00	348.75	95.50	1.00		15.0	N
47337.27	113050.00	0.00	0.00	0.00	952.15	0.00	0.00	0.00	95.50	1.00		15.0	N
47282.00	98183.73	0.00	0.00	0.00	1655.51	0.00	0.00	0.00	106.75	1.00		15.0	N
51002.40	98033.73	0.00	0.00	0.00	1184.67	0.00	0.00	348.75	106.75	1.00		15.0	N
58864.40	98047.73	0.00	0.00	0.00	676.28	0.00	0.00	337.50	106.75	1.00		15.0	N
66049.20	98030.27	0.00	0.00	0.00	459.52	0.00	0.00	326.25	106.75	1.00		15.0	N
68879.60	97973.80	0.00	0.00	0.00	671.78	0.00	0.00	315.00	106.75	1.00		15.0	N
65050.60	97963.47	0.00	0.00	0.00	1213.94	0.00	0.00	303.75	106.75	1.00		15.0	N
58421.33	97956.33	0.00	0.00	0.00	1708.11	0.00	0.00	292.50	106.75	1.00		15.0	N
50920.40	98003.13	0.00	0.00	0.00	1934.30	0.00	0.00	281.25	106.75	1.00		15.0	N
48943.87	98057.87	0.00	0.00	0.00	1729.81	0.00	0.00	270.00	106.75	1.00		15.0	N
48797.53	90406.40	0.00	0.00	0.00	2087.02	0.00	0.00	270.00	118.00	1.00		15.0	N
50746.67	90258.87	0.00	0.00	0.00	1901.53	0.00	0.00	281.25	118.00	1.00		15.0	N
58078.00	90176.73	0.00	0.00	0.00	1302.09	0.00	0.00	292.50	118.00	1.00		15.0	N
65129.27	90206.67	0.00	0.00	0.00	584.18	0.00	0.00	303.75	118.00	1.00		15.0	N
68750.93	90332.47	0.00	0.00	0.00	127.03	0.00	0.00	315.00	118.00	1.00		15.0	N
66247.53	90414.80	0.00	0.00	0.00	313.24	0.00	0.00	326.25	118.00	1.00		15.0	N
59341.80	90259.27	0.00	0.00	0.00	888.84	0.00	0.00	337.50	118.00	1.00		15.0	N
51151.07	90303.67	0.00	0.00	0.00	1660.41	0.00	0.00	348.75	118.00	1.00		15.0	N
47234.60	90384.93	0.00	0.00	0.00	2046.17	0.00	0.00	0.00	118.00	1.00		15.0	N
