01/26/2022 13:52:52
LT: 181.27

0.0500	   153	0.3000	     0
0.0524	   144	0.3008	     0
0.0548	   135	0.3017	     0
0.0573	   149	0.3025	     0
0.0597	   136	0.3033	     0
0.0621	   156	0.3042	     0
0.0645	   172	0.3050	     0
0.0669	   144	0.3058	     0
0.0693	   187	0.3066	     0
0.0718	   179	0.3075	     0
0.0742	   186	0.3083	     0
0.0766	   163	0.3091	     0
0.0790	   180	0.3100	     0
0.0814	   168	0.3108	     0
0.0838	   160	0.3116	     0
0.0863	   179	0.3125	     0
0.0887	   196	0.3133	     0
0.0911	   189	0.3141	     0
0.0935	   219	0.3149	     0
0.0959	   254	0.3158	     0
0.0983	   267	0.3166	     0
0.1008	   324	0.3174	     0
0.1032	   361	0.3183	     0
0.1056	   517	0.3191	     0
0.1080	   617	0.3199	     0
0.1104	   789	0.3208	     0
0.1128	  1198	0.3216	     0
0.1153	  1348	0.3224	     0
0.1177	  1646	0.3232	     0
0.1201	  1909	0.3241	     0
0.1225	  2038	0.3249	     0
0.1249	  1983	0.3257	     0
0.1273	  1809	0.3266	     0
0.1298	  1469	0.3274	     0
0.1322	  1299	0.3282	     0
0.1346	   938	0.3291	     0
0.1370	   798	0.3299	     0
0.1394	   639	0.3307	     0
0.1418	   607	0.3315	     0
0.1443	   514	0.3324	     0
0.1467	   447	0.3332	     0
0.1491	   388	0.3340	     0
0.1515	   323	0.3349	     0
0.1539	   294	0.3357	     0
0.1563	   253	0.3365	     0
0.1588	   235	0.3374	     0
0.1612	   219	0.3382	     0
0.1636	   192	0.3390	     0
0.1660	   204	0.3398	     0
0.1684	   192	0.3407	     0
0.1708	   214	0.3415	     0
0.1733	   182	0.3423	     0
0.1757	   175	0.3432	     0
0.1781	   190	0.3440	     0
0.1805	   213	0.3448	     0
0.1829	   200	0.3457	     0
0.1854	   204	0.3465	     0
0.1878	   218	0.3473	     0
0.1902	   192	0.3481	     0
0.1926	   218	0.3490	     0
0.1950	   195	0.3498	     0
0.1974	   198	0.3506	     0
0.1999	   189	0.3515	     0
0.2023	   237	0.3523	     0
0.2047	   229	0.3531	     0
0.2071	   195	0.3540	     1
0.2095	   184	0.3548	     0
0.2119	   191	0.3556	     0
0.2144	   240	0.3564	     0
0.2168	   201	0.3573	     0
0.2192	   196	0.3581	     0
0.2216	   190	0.3589	     0
0.2240	   245	0.3598	     0
0.2264	   220	0.3606	     0
0.2289	   215	0.3614	     0
0.2313	   235	0.3623	     0
0.2337	   233	0.3631	     0
0.2361	   246	0.3639	     0
0.2385	   227	0.3647	     0
0.2409	   232	0.3656	     0
0.2434	   212	0.3664	     0
0.2458	   248	0.3672	     0
0.2482	   240	0.3681	     0
0.2506	   257	0.3689	     0
0.2530	   238	0.3697	     0
0.2554	   277	0.3706	     0
0.2579	   247	0.3714	     0
0.2603	   256	0.3722	     0
0.2627	   285	0.3730	     0
0.2651	   254	0.3739	     0
0.2675	   263	0.3747	     1
0.2699	   304	0.3755	     0
0.2724	   317	0.3764	     0
0.2748	   345	0.3772	     0
0.2772	   319	0.3780	     0
0.2796	   340	0.3789	     0
0.2820	   345	0.3797	     0
0.2844	   369	0.3805	     0
0.2869	   388	0.3813	     0
0.2893	   363	0.3822	     0
0.2917	   351	0.3830	     0
0.2941	   379	0.3838	     0
0.2965	   358	0.3847	     0
0.2990	   384	0.3855	     0
0.3014	   362	0.3863	     0
0.3038	   341	0.3872	     1
0.3062	   328	0.3880	     0
0.3086	   354	0.3888	     0
0.3110	   344	0.3896	     0
0.3135	   344	0.3905	     0
0.3159	   271	0.3913	     0
0.3183	   290	0.3921	     0
0.3207	   356	0.3930	     0
0.3231	   323	0.3938	     0
0.3255	   310	0.3946	     0
0.3280	   346	0.3955	     0
0.3304	   261	0.3963	     0
0.3328	   320	0.3971	     0
0.3352	   327	0.3979	     0
0.3376	   294	0.3988	     0
0.3400	   288	0.3996	     0
0.3425	   306	0.4004	     0
0.3449	   269	0.4013	     0
0.3473	   302	0.4021	     0
0.3497	   249	0.4029	     0
0.3521	   300	0.4038	     0
0.3545	   299	0.4046	     0
0.3570	   282	0.4054	     0
0.3594	   258	0.4063	     0
0.3618	   269	0.4071	     0
0.3642	   292	0.4079	     0
0.3666	   284	0.4087	     0
0.3690	   280	0.4096	     0
0.3715	   285	0.4104	     0
0.3739	   287	0.4112	     0
0.3763	   260	0.4121	     0
0.3787	   296	0.4129	     0
0.3811	   268	0.4137	     0
0.3835	   292	0.4146	     0
0.3860	   279	0.4154	     0
0.3884	   287	0.4162	     0
0.3908	   258	0.4170	     0
0.3932	   289	0.4179	     0
0.3956	   277	0.4187	     0
0.3980	   264	0.4195	     0
0.4005	   270	0.4204	     0
0.4029	   307	0.4212	     1
0.4053	   309	0.4220	     0
0.4077	   284	0.4229	     1
0.4101	   287	0.4237	     0
0.4125	   287	0.4245	     0
0.4150	   324	0.4253	     0
0.4174	   312	0.4262	     0
0.4198	   295	0.4270	     0
0.4222	   329	0.4278	     1
0.4246	   293	0.4287	     0
0.4271	   283	0.4295	     0
0.4295	   298	0.4303	     0
0.4319	   285	0.4312	     0
0.4343	   315	0.4320	     0
0.4367	   268	0.4328	     0
0.4391	   296	0.4336	     0
0.4416	   295	0.4345	     0
0.4440	   306	0.4353	     0
0.4464	   327	0.4361	     0
0.4488	   313	0.4370	     0
0.4512	   325	0.4378	     0
0.4536	   291	0.4386	     0
0.4561	   287	0.4395	     1
0.4585	   300	0.4403	     0
0.4609	   278	0.4411	     0
0.4633	   310	0.4419	     0
0.4657	   326	0.4428	     0
0.4681	   299	0.4436	     0
0.4706	   297	0.4444	     0
0.4730	   300	0.4453	     0
0.4754	   322	0.4461	     0
0.4778	   295	0.4469	     0
0.4802	   294	0.4478	     0
0.4826	   301	0.4486	     0
0.4851	   297	0.4494	     0
0.4875	   294	0.4502	     0
0.4899	   298	0.4511	     0
0.4923	   318	0.4519	     0
0.4947	   284	0.4527	     0
0.4971	   271	0.4536	     0
0.4996	   313	0.4544	     0
0.5020	   315	0.4552	     0
0.5044	   275	0.4561	     0
0.5068	   294	0.4569	     0
0.5092	   316	0.4577	     0
0.5116	   294	0.4585	     0
0.5141	   292	0.4594	     0
0.5165	   311	0.4602	     1
0.5189	   310	0.4610	     0
0.5213	   276	0.4619	     0
0.5237	   291	0.4627	     1
0.5261	   286	0.4635	     0
0.5286	   301	0.4644	     0
0.5310	   325	0.4652	     0
0.5334	   315	0.4660	     1
0.5358	   315	0.4668	     0
0.5382	   311	0.4677	     0
0.5406	   293	0.4685	     0
0.5431	   294	0.4693	     1
0.5455	   259	0.4702	     0
0.5479	   291	0.4710	     0
0.5503	   320	0.4718	     0
0.5527	   298	0.4727	     0
0.5552	   313	0.4735	     0
0.5576	   287	0.4743	     0
0.5600	   286	0.4751	     0
0.5624	   297	0.4760	     1
0.5648	   323	0.4768	     0
0.5672	   272	0.4776	     0
0.5697	   283	0.4785	     2
0.5721	   296	0.4793	     0
0.5745	   282	0.4801	     1
0.5769	   289	0.4810	     0
0.5793	   315	0.4818	     0
0.5817	   297	0.4826	     0
0.5842	   288	0.4834	     0
0.5866	   290	0.4843	     2
0.5890	   337	0.4851	     0
0.5914	   293	0.4859	     0
0.5938	   314	0.4868	     1
0.5962	   309	0.4876	     1
0.5987	   326	0.4884	     0
0.6011	   317	0.4893	     0
0.6035	   331	0.4901	     0
0.6059	   327	0.4909	     0
0.6083	   313	0.4917	     0
0.6107	   312	0.4926	     0
0.6132	   327	0.4934	     0
0.6156	   316	0.4942	     0
0.6180	   347	0.4951	     0
0.6204	   315	0.4959	     0
0.6228	   341	0.4967	     0
0.6252	   328	0.4976	     0
0.6277	   393	0.4984	     0
0.6301	   368	0.4992	     0
0.6325	   385	0.5000	     0
0.6349	   360	0.5009	     0
0.6373	   380	0.5017	     0
0.6397	   394	0.5025	     0
0.6422	   397	0.5034	     0
0.6446	   400	0.5042	     0
0.6470	   415	0.5050	     0
0.6494	   414	0.5059	     0
0.6518	   396	0.5067	     0
0.6542	   430	0.5075	     0
0.6567	   425	0.5083	     0
0.6591	   376	0.5092	     1
0.6615	   419	0.5100	     0
0.6639	   409	0.5108	     0
0.6663	   384	0.5117	     0
0.6688	   423	0.5125	     0
0.6712	   452	0.5133	     0
0.6736	   394	0.5142	     0
0.6760	   418	0.5150	     0
0.6784	   447	0.5158	     1
0.6808	   429	0.5167	     0
0.6833	   393	0.5175	     0
0.6857	   408	0.5183	     0
0.6881	   408	0.5191	     0
0.6905	   421	0.5200	     0
0.6929	   395	0.5208	     0
0.6953	   403	0.5216	     0
0.6978	   402	0.5225	     0
0.7002	   384	0.5233	     0
0.7026	   342	0.5241	     0
0.7050	   387	0.5250	     0
0.7074	   390	0.5258	     0
0.7098	   385	0.5266	     0
0.7123	   398	0.5274	     0
0.7147	   390	0.5283	     0
0.7171	   400	0.5291	     0
0.7195	   356	0.5299	     0
0.7219	   364	0.5308	     0
0.7243	   363	0.5316	     0
0.7268	   335	0.5324	     0
0.7292	   348	0.5333	     0
0.7316	   330	0.5341	     0
0.7340	   385	0.5349	     0
0.7364	   356	0.5357	     0
0.7388	   335	0.5366	     0
0.7413	   369	0.5374	     0
0.7437	   305	0.5382	     0
0.7461	   357	0.5391	     0
0.7485	   340	0.5399	     0
0.7509	   328	0.5407	     0
0.7533	   330	0.5416	     0
0.7558	   324	0.5424	     2
0.7582	   337	0.5432	     0
0.7606	   346	0.5440	     0
0.7630	   372	0.5449	     0
0.7654	   305	0.5457	     0
0.7678	   315	0.5465	     0
0.7703	   334	0.5474	     0
0.7727	   315	0.5482	     0
0.7751	   342	0.5490	     0
0.7775	   320	0.5499	     0
0.7799	   317	0.5507	     0
0.7823	   340	0.5515	     0
0.7848	   329	0.5523	     0
0.7872	   307	0.5532	     1
0.7896	   302	0.5540	     0
0.7920	   311	0.5548	     0
0.7944	   319	0.5557	     0
0.7969	   319	0.5565	     0
0.7993	   329	0.5573	     1
0.8017	   320	0.5582	     0
0.8041	   337	0.5590	     0
0.8065	   319	0.5598	     0
0.8089	   329	0.5606	     0
0.8114	   288	0.5615	     0
0.8138	   317	0.5623	     0
0.8162	   315	0.5631	     0
0.8186	   303	0.5640	     0
0.8210	   288	0.5648	     0
0.8234	   336	0.5656	     0
0.8259	   337	0.5665	     0
0.8283	   289	0.5673	     0
0.8307	   282	0.5681	     0
0.8331	   311	0.5689	     0
0.8355	   301	0.5698	     0
0.8379	   292	0.5706	     0
0.8404	   284	0.5714	     0
0.8428	   257	0.5723	     0
0.8452	   283	0.5731	     0
0.8476	   291	0.5739	     1
0.8500	   251	0.5748	     0
0.8524	   261	0.5756	     0
0.8549	   243	0.5764	     0
0.8573	   248	0.5772	     0
0.8597	   272	0.5781	     0
0.8621	   266	0.5789	     0
0.8645	   255	0.5797	     0
0.8669	   277	0.5806	     0
0.8694	   276	0.5814	     0
0.8718	   262	0.5822	     0
0.8742	   247	0.5831	     0
0.8766	   262	0.5839	     0
0.8790	   296	0.5847	     1
0.8814	   259	0.5855	     0
0.8839	   249	0.5864	     0
0.8863	   267	0.5872	     0
0.8887	   229	0.5880	     0
0.8911	   225	0.5889	     0
0.8935	   244	0.5897	     0
0.8959	   283	0.5905	     0
0.8984	   242	0.5914	     0
0.9008	   244	0.5922	     0
0.9032	   263	0.5930	     0
0.9056	   249	0.5938	     0
0.9080	   246	0.5947	     0
0.9104	   263	0.5955	     0
0.9129	   257	0.5963	     1
0.9153	   272	0.5972	     0
0.9177	   264	0.5980	     0
0.9201	   241	0.5988	     1
0.9225	   215	0.5997	     0
0.9250	   263	0.6005	     0
0.9274	   240	0.6013	     0
0.9298	   252	0.6021	     0
0.9322	   227	0.6030	     1
0.9346	   266	0.6038	     0
0.9370	   253	0.6046	     0
0.9395	   249	0.6055	     0
0.9419	   250	0.6063	     0
0.9443	   256	0.6071	     0
0.9467	   262	0.6080	     1
0.9491	   258	0.6088	     0
0.9515	   269	0.6096	     0
0.9540	   279	0.6104	     0
0.9564	   252	0.6113	     1
0.9588	   257	0.6121	     0
0.9612	   221	0.6129	     0
0.9636	   257	0.6138	     0
0.9660	   233	0.6146	     0
0.9685	   240	0.6154	     0
0.9709	   254	0.6163	     0
0.9733	   260	0.6171	     0
0.9757	   235	0.6179	     0
0.9781	   261	0.6187	     0
0.9805	   259	0.6196	     0
0.9830	   247	0.6204	     0
0.9854	   222	0.6212	     0
0.9878	   253	0.6221	     1
0.9902	   267	0.6229	     0
0.9926	   240	0.6237	     0
0.9950	   201	0.6246	     0
0.9975	   235	0.6254	     0
0.9999	   216	0.6262	     0
1.0023	   233	0.6271	     0
1.0047	   267	0.6279	     0
1.0071	   250	0.6287	     0
1.0095	   264	0.6295	     0
1.0120	   255	0.6304	     0
1.0144	   244	0.6312	     0
1.0168	   289	0.6320	     0
1.0192	   228	0.6329	     0
1.0216	   237	0.6337	     0
1.0240	   247	0.6345	     0
1.0265	   249	0.6354	     0
1.0289	   221	0.6362	     0
1.0313	   224	0.6370	     0
1.0337	   250	0.6378	     0
1.0361	   248	0.6387	     0
1.0385	   252	0.6395	     0
1.0410	   229	0.6403	     0
1.0434	   226	0.6412	     0
1.0458	   256	0.6420	     0
1.0482	   244	0.6428	     0
1.0506	   250	0.6437	     0
1.0531	   253	0.6445	     0
1.0555	   243	0.6453	     0
1.0579	   248	0.6461	     0
1.0603	   229	0.6470	     0
1.0627	   222	0.6478	     0
1.0651	   218	0.6486	     0
1.0676	   250	0.6495	     0
1.0700	   228	0.6503	     0
1.0724	   232	0.6511	     0
1.0748	   229	0.6520	     0
1.0772	   251	0.6528	     0
1.0796	   250	0.6536	     0
1.0821	   215	0.6544	     0
1.0845	   231	0.6553	     0
1.0869	   249	0.6561	     0
1.0893	   239	0.6569	     0
1.0917	   235	0.6578	     0
1.0941	   218	0.6586	     0
1.0966	   208	0.6594	     0
1.0990	   210	0.6603	     0
1.1014	   253	0.6611	     0
1.1038	   273	0.6619	     0
1.1062	   233	0.6627	     0
1.1086	   229	0.6636	     0
1.1111	   259	0.6644	     0
1.1135	   242	0.6652	     0
1.1159	   234	0.6661	     0
1.1183	   230	0.6669	     0
1.1207	   215	0.6677	     0
1.1231	   224	0.6686	     0
1.1256	   220	0.6694	     0
1.1280	   229	0.6702	     0
1.1304	   238	0.6710	     0
1.1328	   219	0.6719	     0
1.1352	   237	0.6727	     0
1.1376	   225	0.6735	     1
1.1401	   227	0.6744	     0
1.1425	   213	0.6752	     0
1.1449	   221	0.6760	     0
1.1473	   231	0.6769	     0
1.1497	   227	0.6777	     1
1.1521	   232	0.6785	     0
1.1546	   219	0.6793	     0
1.1570	   214	0.6802	     0
1.1594	   239	0.6810	     0
1.1618	   225	0.6818	     0
1.1642	   202	0.6827	     0
1.1667	   219	0.6835	     0
1.1691	   227	0.6843	     0
1.1715	   219	0.6852	     0
1.1739	   224	0.6860	     0
1.1763	   225	0.6868	     0
1.1787	   232	0.6876	     0
1.1812	   208	0.6885	     0
1.1836	   237	0.6893	     0
1.1860	   221	0.6901	     0
1.1884	   207	0.6910	     0
1.1908	   214	0.6918	     0
1.1932	   203	0.6926	     0
1.1957	   264	0.6935	     1
1.1981	   213	0.6943	     0
1.2005	   222	0.6951	     0
1.2029	   223	0.6959	     0
1.2053	   206	0.6968	     0
1.2077	   193	0.6976	     0
1.2102	   227	0.6984	     0
1.2126	   252	0.6993	     0
1.2150	   213	0.7001	     0
1.2174	   235	0.7009	     0
1.2198	   220	0.7018	     0
1.2222	   235	0.7026	     0
1.2247	   246	0.7034	     0
1.2271	   212	0.7042	     0
1.2295	   238	0.7051	     0
1.2319	   203	0.7059	     0
1.2343	   247	0.7067	     0
1.2367	   232	0.7076	     0
1.2392	   225	0.7084	     0
1.2416	   228	0.7092	     0
1.2440	   215	0.7101	     0
1.2464	   207	0.7109	     0
1.2488	   208	0.7117	     1
1.2512	   194	0.7125	     0
1.2537	   253	0.7134	     0
1.2561	   229	0.7142	     0
1.2585	   212	0.7150	     0
1.2609	   227	0.7159	     0
1.2633	   220	0.7167	     0
1.2657	   193	0.7175	     0
1.2682	   220	0.7184	     0
1.2706	   236	0.7192	     0
1.2730	   195	0.7200	     0
1.2754	   223	0.7208	     0
1.2778	   189	0.7217	     0
1.2802	   210	0.7225	     0
1.2827	   219	0.7233	     0
1.2851	   211	0.7242	     0
1.2875	   225	0.7250	     0
1.2899	   234	0.7258	     0
1.2923	   229	0.7267	     0
1.2948	   231	0.7275	     0
1.2972	   203	0.7283	     0
1.2996	   234	0.7292	     0
1.3020	   229	0.7300	     1
1.3044	   225	0.7308	     0
1.3068	   220	0.7316	     0
1.3093	   228	0.7325	     0
1.3117	   181	0.7333	     0
1.3141	   237	0.7341	     0
1.3165	   222	0.7350	     0
1.3189	   239	0.7358	     0
1.3213	   204	0.7366	     0
1.3238	   229	0.7375	     0
1.3262	   231	0.7383	     1
1.3286	   208	0.7391	     0
1.3310	   206	0.7399	     0
1.3334	   224	0.7408	     0
1.3358	   207	0.7416	     0
1.3383	   226	0.7424	     0
1.3407	   239	0.7433	     0
1.3431	   217	0.7441	     0
1.3455	   233	0.7449	     0
1.3479	   237	0.7458	     0
1.3503	   198	0.7466	     0
1.3528	   208	0.7474	     0
1.3552	   200	0.7482	     0
1.3576	   214	0.7491	     0
1.3600	   212	0.7499	     0
1.3624	   192	0.7507	     0
1.3648	   206	0.7516	     0
1.3673	   229	0.7524	     0
1.3697	   230	0.7532	     0
1.3721	   241	0.7541	     0
1.3745	   250	0.7549	     0
1.3769	   219	0.7557	     0
1.3793	   227	0.7565	     0
1.3818	   207	0.7574	     0
1.3842	   230	0.7582	     0
1.3866	   233	0.7590	     0
1.3890	   215	0.7599	     0
1.3914	   239	0.7607	     0
1.3938	   235	0.7615	     0
1.3963	   224	0.7624	     0
1.3987	   228	0.7632	     0
1.4011	   235	0.7640	     0
1.4035	   213	0.7648	     1
1.4059	   241	0.7657	     0
1.4083	   230	0.7665	     0
1.4108	   235	0.7673	     0
1.4132	   214	0.7682	     0
1.4156	   218	0.7690	     1
1.4180	   226	0.7698	     0
1.4204	   251	0.7707	     0
1.4229	   226	0.7715	     0
1.4253	   245	0.7723	     0
1.4277	   249	0.7731	     0
1.4301	   258	0.7740	     0
1.4325	   241	0.7748	     0
1.4349	   225	0.7756	     0
1.4374	   212	0.7765	     0
1.4398	   220	0.7773	     0
1.4422	   235	0.7781	     0
1.4446	   237	0.7790	     0
1.4470	   235	0.7798	     1
1.4494	   219	0.7806	     0
1.4519	   228	0.7814	     1
1.4543	   242	0.7823	     0
1.4567	   245	0.7831	     0
1.4591	   249	0.7839	     0
1.4615	   212	0.7848	     0
1.4639	   215	0.7856	     1
1.4664	   215	0.7864	     0
1.4688	   218	0.7873	     0
1.4712	   228	0.7881	     0
1.4736	   220	0.7889	     0
1.4760	   235	0.7897	     0
1.4784	   209	0.7906	     0
1.4809	   229	0.7914	     0
1.4833	   227	0.7922	     0
1.4857	   238	0.7931	     0
1.4881	   237	0.7939	     0
1.4905	   252	0.7947	     0
1.4929	   211	0.7956	     0
1.4954	   220	0.7964	     0
1.4978	   254	0.7972	     0
1.5002	   220	0.7980	     0
1.5026	   216	0.7989	     0
1.5050	   210	0.7997	     0
1.5074	   227	0.8005	     0
1.5099	   238	0.8014	     0
1.5123	   238	0.8022	     0
1.5147	   212	0.8030	     0
1.5171	   217	0.8039	     0
1.5195	   243	0.8047	     0
1.5219	   219	0.8055	     0
1.5244	   200	0.8063	     0
1.5268	   231	0.8072	     0
1.5292	   201	0.8080	     0
1.5316	   230	0.8088	     0
1.5340	   187	0.8097	     0
1.5365	   200	0.8105	     0
1.5389	   187	0.8113	     0
1.5413	   215	0.8122	     0
1.5437	   211	0.8130	     0
1.5461	   197	0.8138	     0
1.5485	   204	0.8146	     0
1.5510	   193	0.8155	     0
1.5534	   189	0.8163	     0
1.5558	   207	0.8171	     0
1.5582	   200	0.8180	     0
1.5606	   197	0.8188	     0
1.5630	   197	0.8196	     0
1.5655	   189	0.8205	     0
1.5679	   171	0.8213	     0
1.5703	   174	0.8221	     1
1.5727	   202	0.8229	     0
1.5751	   165	0.8238	     0
1.5775	   156	0.8246	     0
1.5800	   167	0.8254	     0
1.5824	   157	0.8263	     0
1.5848	   141	0.8271	     0
1.5872	   161	0.8279	     1
1.5896	   170	0.8288	     0
1.5920	   164	0.8296	     0
1.5945	   167	0.8304	     0
1.5969	   173	0.8313	     0
1.5993	   152	0.8321	     0
1.6017	   149	0.8329	     1
1.6041	   149	0.8337	     0
1.6065	   162	0.8346	     0
1.6090	   137	0.8354	     0
1.6114	   151	0.8362	     0
1.6138	   164	0.8371	     0
1.6162	   143	0.8379	     0
1.6186	   149	0.8387	     0
1.6210	   174	0.8396	     0
1.6235	   132	0.8404	     0
1.6259	   108	0.8412	     0
1.6283	   168	0.8420	     0
1.6307	   143	0.8429	     0
1.6331	   142	0.8437	     0
1.6355	   139	0.8445	     0
1.6380	   120	0.8454	     0
1.6404	   144	0.8462	     0
1.6428	   151	0.8470	     0
1.6452	   131	0.8479	     0
1.6476	   127	0.8487	     0
1.6500	   126	0.8495	     0
1.6525	   123	0.8503	     0
1.6549	   115	0.8512	     0
1.6573	   130	0.8520	     0
1.6597	   116	0.8528	     0
1.6621	   115	0.8537	     0
1.6646	   124	0.8545	     0
1.6670	    96	0.8553	     0
1.6694	   126	0.8562	     0
1.6718	   133	0.8570	     0
1.6742	   133	0.8578	     0
1.6766	   122	0.8586	     0
1.6791	   130	0.8595	     0
1.6815	   130	0.8603	     0
1.6839	   125	0.8611	     0
1.6863	   113	0.8620	     0
1.6887	   127	0.8628	     0
1.6911	   114	0.8636	     0
1.6936	   121	0.8645	     0
1.6960	   121	0.8653	     0
1.6984	   123	0.8661	     0
1.7008	   112	0.8669	     0
1.7032	    99	0.8678	     0
1.7056	   111	0.8686	     0
1.7081	   124	0.8694	     0
1.7105	   125	0.8703	     0
1.7129	   121	0.8711	     1
1.7153	   108	0.8719	     0
1.7177	   116	0.8728	     0
1.7201	   108	0.8736	     0
1.7226	   108	0.8744	     0
1.7250	   114	0.8752	     0
1.7274	   120	0.8761	     0
1.7298	   116	0.8769	     0
1.7322	   106	0.8777	     0
1.7346	   122	0.8786	     1
1.7371	   139	0.8794	     0
1.7395	   104	0.8802	     0
1.7419	   119	0.8811	     0
1.7443	   105	0.8819	     0
1.7467	   126	0.8827	     0
1.7491	    93	0.8835	     0
1.7516	   103	0.8844	     0
1.7540	   106	0.8852	     0
1.7564	   103	0.8860	     0
1.7588	   110	0.8869	     1
1.7612	    98	0.8877	     0
1.7636	   123	0.8885	     0
1.7661	   111	0.8894	     0
1.7685	   114	0.8902	     0
1.7709	   124	0.8910	     0
1.7733	   103	0.8918	     0
1.7757	   116	0.8927	     0
1.7781	   106	0.8935	     0
1.7806	   123	0.8943	     0
1.7830	   102	0.8952	     0
1.7854	   116	0.8960	     0
1.7878	   118	0.8968	     0
1.7902	   111	0.8977	     0
1.7927	   118	0.8985	     0
1.7951	   101	0.8993	     0
1.7975	   117	0.9001	     0
1.7999	   117	0.9010	     0
1.8023	   118	0.9018	     0
1.8047	    99	0.9026	     0
1.8072	   120	0.9035	     0
1.8096	   113	0.9043	     0
1.8120	   124	0.9051	     0
1.8144	   117	0.9060	     0
1.8168	   122	0.9068	     0
1.8192	   120	0.9076	     0
1.8217	   104	0.9084	     0
1.8241	   108	0.9093	     0
1.8265	   115	0.9101	     0
1.8289	   110	0.9109	     0
1.8313	    90	0.9118	     0
1.8337	   106	0.9126	     0
1.8362	   109	0.9134	     0
1.8386	   110	0.9143	     0
1.8410	   120	0.9151	     0
1.8434	   113	0.9159	     0
1.8458	   132	0.9167	     0
1.8482	    79	0.9176	     0
1.8507	   114	0.9184	     0
1.8531	   114	0.9192	     0
1.8555	   104	0.9201	     0
1.8579	   102	0.9209	     0
1.8603	   112	0.9217	     0
1.8627	   107	0.9226	     0
1.8652	   134	0.9234	     0
1.8676	   136	0.9242	     0
1.8700	   117	0.9250	     0
1.8724	   117	0.9259	     0
1.8748	   124	0.9267	     0
1.8772	   110	0.9275	     0
1.8797	    95	0.9284	     0
1.8821	    99	0.9292	     0
1.8845	   107	0.9300	     0
1.8869	   107	0.9309	     0
1.8893	   117	0.9317	     0
1.8917	   138	0.9325	     0
1.8942	   110	0.9333	     0
1.8966	   114	0.9342	     0
1.8990	   122	0.9350	     0
1.9014	   132	0.9358	     0
1.9038	   120	0.9367	     0
1.9063	   119	0.9375	     0
1.9087	   128	0.9383	     0
1.9111	   127	0.9392	     0
1.9135	   118	0.9400	     0
1.9159	   129	0.9408	     0
1.9183	   143	0.9417	     1
1.9208	   102	0.9425	     0
1.9232	   128	0.9433	     0
1.9256	   114	0.9441	     0
1.9280	   125	0.9450	     0
1.9304	   129	0.9458	     0
1.9328	   129	0.9466	     0
1.9353	   133	0.9475	     0
1.9377	   140	0.9483	     0
1.9401	   120	0.9491	     0
1.9425	   137	0.9500	     0
1.9449	   115	0.9508	     0
1.9473	   117	0.9516	     0
1.9498	   112	0.9524	     0
1.9522	   123	0.9533	     0
1.9546	   131	0.9541	     0
1.9570	   110	0.9549	     0
1.9594	   119	0.9558	     0
1.9618	   132	0.9566	     1
1.9643	   147	0.9574	     0
1.9667	   111	0.9583	     0
1.9691	   133	0.9591	     0
1.9715	   121	0.9599	     0
1.9739	   131	0.9607	     0
1.9763	   141	0.9616	     1
1.9788	   138	0.9624	     0
1.9812	   138	0.9632	     0
1.9836	   110	0.9641	     1
1.9860	   115	0.9649	     0
1.9884	   118	0.9657	     0
1.9908	   131	0.9666	     0
1.9933	   121	0.9674	     0
1.9957	   125	0.9682	     0
1.9981	   125	0.9690	     0
2.0005	   127	0.9699	     0
2.0029	   146	0.9707	     1
2.0053	   149	0.9715	     0
2.0078	   124	0.9724	     0
2.0102	   109	0.9732	     1
2.0126	   130	0.9740	     1
2.0150	   127	0.9749	     0
2.0174	   133	0.9757	     0
2.0198	   128	0.9765	     0
2.0223	   140	0.9773	     0
2.0247	   137	0.9782	     0
2.0271	   112	0.9790	     0
2.0295	   142	0.9798	     0
2.0319	   134	0.9807	     0
2.0344	   128	0.9815	     0
2.0368	   130	0.9823	     0
2.0392	   149	0.9832	     0
2.0416	   165	0.9840	     0
2.0440	   132	0.9848	     0
2.0464	   154	0.9856	     0
2.0489	   117	0.9865	     0
2.0513	   175	0.9873	     0
2.0537	   144	0.9881	     0
2.0561	   181	0.9890	     0
2.0585	   177	0.9898	     0
2.0609	   166	0.9906	     0
2.0634	   179	0.9915	     0
2.0658	   186	0.9923	     0
2.0682	   174	0.9931	     0
2.0706	   196	0.9939	     0
2.0730	   190	0.9948	     0
2.0754	   194	0.9956	     0
2.0779	   195	0.9964	     0
2.0803	   211	0.9973	     0
2.0827	   213	0.9981	     0
2.0851	   233	0.9989	     0
2.0875	   207	0.9998	     0
2.0899	   226	1.0006	     0
2.0924	   258	1.0014	     0
2.0948	   273	1.0022	     0
2.0972	   243	1.0031	     0
2.0996	   281	1.0039	     0
2.1020	   271	1.0047	     0
2.1044	   278	1.0056	     0
2.1069	   300	1.0064	     0
2.1093	   318	1.0072	     0
2.1117	   347	1.0081	     0
2.1141	   352	1.0089	     0
2.1165	   376	1.0097	     0
2.1189	   421	1.0105	     0
2.1214	   446	1.0114	     0
2.1238	   427	1.0122	     0
2.1262	   436	1.0130	     0
2.1286	   496	1.0139	     0
2.1310	   507	1.0147	     0
2.1334	   529	1.0155	     0
2.1359	   539	1.0164	     0
2.1383	   591	1.0172	     0
2.1407	   625	1.0180	     0
2.1431	   650	1.0188	     0
2.1455	   686	1.0197	     0
2.1479	   735	1.0205	     0
2.1504	   794	1.0213	     0
2.1528	   768	1.0222	     0
2.1552	   777	1.0230	     0
2.1576	   894	1.0238	     0
2.1600	   885	1.0247	     0
2.1625	   948	1.0255	     0
2.1649	   954	1.0263	     0
2.1673	  1036	1.0271	     0
2.1697	  1051	1.0280	     0
2.1721	  1134	1.0288	     0
2.1745	  1153	1.0296	     0
2.1770	  1217	1.0305	     0
2.1794	  1241	1.0313	     0
2.1818	  1293	1.0321	     0
2.1842	  1343	1.0330	     0
2.1866	  1367	1.0338	     0
2.1890	  1480	1.0346	     0
2.1915	  1489	1.0354	     0
2.1939	  1538	1.0363	     0
2.1963	  1665	1.0371	     0
2.1987	  1709	1.0379	     0
2.2011	  1732	1.0388	     0
2.2035	  1828	1.0396	     0
2.2060	  1850	1.0404	     0
2.2084	  1791	1.0413	     0
2.2108	  1929	1.0421	     0
2.2132	  1961	1.0429	     0
2.2156	  1993	1.0438	     0
2.2180	  2021	1.0446	     0
2.2205	  2138	1.0454	     0
2.2229	  2123	1.0462	     0
2.2253	  2136	1.0471	     0
2.2277	  2300	1.0479	     0
2.2301	  2264	1.0487	     0
2.2325	  2350	1.0496	     0
2.2350	  2369	1.0504	     0
2.2374	  2490	1.0512	     1
2.2398	  2395	1.0521	     0
2.2422	  2477	1.0529	     0
2.2446	  2538	1.0537	     0
2.2470	  2490	1.0545	     0
2.2495	  2525	1.0554	     0
2.2519	  2536	1.0562	     0
2.2543	  2601	1.0570	     0
2.2567	  2718	1.0579	     0
2.2591	  2662	1.0587	     1
2.2615	  2598	1.0595	     0
2.2640	  2701	1.0604	     0
2.2664	  2513	1.0612	     0
2.2688	  2734	1.0620	     0
2.2712	  2728	1.0628	     0
2.2736	  2653	1.0637	     0
2.2760	  2685	1.0645	     0
2.2785	  2562	1.0653	     0
2.2809	  2612	1.0662	     0
2.2833	  2534	1.0670	     0
2.2857	  2579	1.0678	     0
2.2881	  2564	1.0687	     0
2.2906	  2445	1.0695	     0
2.2930	  2414	1.0703	     0
2.2954	  2451	1.0711	     0
2.2978	  2348	1.0720	     0
2.3002	  2324	1.0728	     0
2.3026	  2365	1.0736	     0
2.3051	  2168	1.0745	     0
2.3075	  2296	1.0753	     0
2.3099	  2176	1.0761	     0
2.3123	  2145	1.0770	     0
2.3147	  1982	1.0778	     0
2.3171	  2023	1.0786	     0
2.3196	  1911	1.0794	     0
2.3220	  1876	1.0803	     0
2.3244	  1819	1.0811	     0
2.3268	  1735	1.0819	     0
2.3292	  1700	1.0828	     0
2.3316	  1692	1.0836	     0
2.3341	  1583	1.0844	     0
2.3365	  1529	1.0853	     0
2.3389	  1469	1.0861	     0
2.3413	  1431	1.0869	     0
2.3437	  1356	1.0877	     0
2.3461	  1285	1.0886	     0
2.3486	  1229	1.0894	     0
2.3510	  1165	1.0902	     0
2.3534	  1133	1.0911	     0
2.3558	  1080	1.0919	     0
2.3582	  1022	1.0927	     1
2.3606	   979	1.0936	     0
2.3631	   968	1.0944	     0
2.3655	   858	1.0952	     0
2.3679	   874	1.0960	     0
2.3703	   780	1.0969	     0
2.3727	   671	1.0977	     0
2.3751	   642	1.0985	     0
2.3776	   645	1.0994	     0
2.3800	   606	1.1002	     0
2.3824	   574	1.1010	     0
2.3848	   504	1.1019	     0
2.3872	   488	1.1027	     0
2.3896	   481	1.1035	     0
2.3921	   442	1.1043	     0
2.3945	   440	1.1052	     0
2.3969	   373	1.1060	     0
2.3993	   345	1.1068	     0
2.4017	   320	1.1077	     0
2.4042	   308	1.1085	     0
2.4066	   273	1.1093	     0
2.4090	   280	1.1102	     0
2.4114	   242	1.1110	     0
2.4138	   183	1.1118	     0
2.4162	   210	1.1126	     0
2.4187	   202	1.1135	     0
2.4211	   158	1.1143	     0
2.4235	   137	1.1151	     0
2.4259	   126	1.1160	     0
2.4283	   121	1.1168	     0
2.4307	   121	1.1176	     0
2.4332	   111	1.1185	     0
2.4356	   107	1.1193	     0
2.4380	   112	1.1201	     0
2.4404	    78	1.1209	     0
2.4428	    74	1.1218	     0
2.4452	    73	1.1226	     0
2.4477	    61	1.1234	     0
2.4501	    47	1.1243	     0
2.4525	    51	1.1251	     0
2.4549	    41	1.1259	     0
2.4573	    40	1.1268	     0
2.4597	    42	1.1276	     0
2.4622	    27	1.1284	     0
2.4646	    27	1.1292	     0
2.4670	    27	1.1301	     0
2.4694	    26	1.1309	     0
2.4718	    29	1.1317	     0
2.4742	    20	1.1326	     0
2.4767	    23	1.1334	     0
2.4791	    14	1.1342	     0
2.4815	    12	1.1351	     0
2.4839	    15	1.1359	     0
2.4863	    17	1.1367	     0
2.4887	    13	1.1375	     0
2.4912	    14	1.1384	     0
2.4936	    10	1.1392	     0
2.4960	     8	1.1400	     0
2.4984	     5	1.1409	     0
2.5008	     8	1.1417	     1
2.5032	    14	1.1425	     0
2.5057	     9	1.1434	     0
2.5081	    11	1.1442	     0
2.5105	     5	1.1450	     1
2.5129	    11	1.1458	     0
2.5153	     9	1.1467	     0
2.5177	     3	1.1475	     0
2.5202	     7	1.1483	     0
2.5226	     6	1.1492	     0
2.5250	     3	1.1500	     0
2.5274	     7	1.1508	     0
2.5298	     8	1.1517	     0
2.5323	     8	1.1525	     0
2.5347	     8	1.1533	     0
2.5371	     5	1.1542	     0
2.5395	     3	1.1550	     0
2.5419	     6	1.1558	     0
2.5443	     5	1.1566	     0
2.5468	     5	1.1575	     0
2.5492	     5	1.1583	     0
2.5516	     8	1.1591	     0
2.5540	     3	1.1600	     0
2.5564	     4	1.1608	     0
2.5588	     5	1.1616	     0
2.5613	     5	1.1625	     1
2.5637	     6	1.1633	     0
2.5661	     6	1.1641	     0
2.5685	     6	1.1649	     0
2.5709	     6	1.1658	     0
2.5733	     5	1.1666	     0
2.5758	    10	1.1674	     0
2.5782	     6	1.1683	     0
2.5806	     9	1.1691	     0
2.5830	     8	1.1699	     0
2.5854	     6	1.1708	     0
2.5878	     8	1.1716	     0
2.5903	     6	1.1724	     0
2.5927	     6	1.1732	     0
2.5951	     9	1.1741	     0
2.5975	     5	1.1749	     0
2.5999	     1	1.1757	     0
2.6023	     1	1.1766	     0
2.6048	     6	1.1774	     0
2.6072	     8	1.1782	     0
2.6096	     3	1.1791	     0
2.6120	     7	1.1799	     0
2.6144	     3	1.1807	     0
2.6168	     5	1.1815	     0
2.6193	     6	1.1824	     0
2.6217	     7	1.1832	     0
2.6241	     7	1.1840	     0
2.6265	     4	1.1849	     0
2.6289	     4	1.1857	     0
2.6313	    11	1.1865	     0
2.6338	     7	1.1874	     0
2.6362	     5	1.1882	     0
2.6386	     3	1.1890	     0
2.6410	     4	1.1898	     0
2.6434	     7	1.1907	     0
2.6458	     8	1.1915	     0
2.6483	     5	1.1923	     1
2.6507	     6	1.1932	     0
2.6531	     8	1.1940	     0
2.6555	    11	1.1948	     0
2.6579	     3	1.1957	     0
2.6604	     7	1.1965	     0
2.6628	     6	1.1973	     1
2.6652	     5	1.1981	     0
2.6676	    11	1.1990	     0
2.6700	     2	1.1998	     0
2.6724	     8	1.2006	     0
2.6749	     9	1.2015	     0
2.6773	     3	1.2023	     0
2.6797	     9	1.2031	     0
2.6821	     4	1.2040	     0
2.6845	     4	1.2048	     0
2.6869	     4	1.2056	     0
2.6894	     6	1.2064	     0
2.6918	     6	1.2073	     0
2.6942	     9	1.2081	     0
2.6966	     9	1.2089	     0
2.6990	     4	1.2098	     0
2.7014	     4	1.2106	     0
2.7039	     4	1.2114	     1
2.7063	     2	1.2123	     0
2.7087	    16	1.2131	     0
2.7111	     4	1.2139	     0
2.7135	     7	1.2147	     0
2.7159	     4	1.2156	     0
2.7184	    10	1.2164	     0
2.7208	     7	1.2172	     0
2.7232	     5	1.2181	     0
2.7256	     4	1.2189	     0
2.7280	     3	1.2197	     0
2.7304	     4	1.2206	     0
2.7329	     8	1.2214	     0
2.7353	     4	1.2222	     0
2.7377	     9	1.2230	     0
2.7401	     6	1.2239	     0
2.7425	     4	1.2247	     0
2.7449	     5	1.2255	     0
2.7474	     5	1.2264	     0
2.7498	     6	1.2272	     0
2.7522	     6	1.2280	     0
2.7546	     5	1.2289	     0
2.7570	     8	1.2297	     0
2.7594	     2	1.2305	     0
2.7619	     7	1.2313	     0
2.7643	     8	1.2322	     0
2.7667	     4	1.2330	     0
2.7691	     4	1.2338	     0
2.7715	     2	1.2347	     0
2.7740	    11	1.2355	     0
2.7764	     3	1.2363	     0
2.7788	     7	1.2372	     0
2.7812	     3	1.2380	     0
2.7836	    11	1.2388	     0
2.7860	     8	1.2396	     0
2.7885	     8	1.2405	     0
2.7909	     8	1.2413	     0
2.7933	     3	1.2421	     0
2.7957	     5	1.2430	     0
2.7981	    11	1.2438	     0
2.8005	     6	1.2446	     0
2.8030	    11	1.2455	     0
2.8054	     7	1.2463	     0
2.8078	     4	1.2471	     0
2.8102	     6	1.2479	     0
2.8126	     8	1.2488	     1
2.8150	     5	1.2496	     0
2.8175	     9	1.2504	     0
2.8199	     8	1.2513	     0
2.8223	     7	1.2521	     0
2.8247	     3	1.2529	     0
2.8271	     5	1.2538	     1
2.8295	    11	1.2546	     0
2.8320	     6	1.2554	     0
2.8344	     5	1.2562	     0
2.8368	     2	1.2571	     0
2.8392	     7	1.2579	     0
2.8416	    10	1.2587	     0
2.8440	     8	1.2596	     0
2.8465	    12	1.2604	     0
2.8489	     5	1.2612	     0
2.8513	     9	1.2621	     0
2.8537	     5	1.2629	     0
2.8561	     7	1.2637	     0
2.8585	     7	1.2646	     0
2.8610	    11	1.2654	     0
2.8634	     9	1.2662	     0
2.8658	     7	1.2670	     0
2.8682	     8	1.2679	     0
2.8706	    12	1.2687	     0
2.8730	     5	1.2695	     0
2.8755	    13	1.2704	     0
2.8779	     6	1.2712	     0
2.8803	     6	1.2720	     0
2.8827	     5	1.2729	     0
2.8851	     9	1.2737	     0
2.8875	     8	1.2745	     0
2.8900	    10	1.2753	     0
2.8924	     7	1.2762	     0
2.8948	     9	1.2770	     0
2.8972	     6	1.2778	     0
2.8996	     8	1.2787	     0
2.9021	    10	1.2795	     0
2.9045	    14	1.2803	     0
2.9069	     7	1.2812	     0
2.9093	     7	1.2820	     0
2.9117	     7	1.2828	     0
2.9141	     4	1.2836	     0
2.9166	    10	1.2845	     0
2.9190	     4	1.2853	     0
2.9214	    11	1.2861	     0
2.9238	    11	1.2870	     0
2.9262	     4	1.2878	     0
2.9286	     7	1.2886	     0
2.9311	     6	1.2895	     0
2.9335	     9	1.2903	     0
2.9359	     6	1.2911	     0
2.9383	     8	1.2919	     0
2.9407	    11	1.2928	     1
2.9431	     6	1.2936	     0
2.9456	    10	1.2944	     0
2.9480	     5	1.2953	     0
2.9504	    12	1.2961	     0
2.9528	    10	1.2969	     0
2.9552	    14	1.2978	     0
2.9576	    17	1.2986	     0
2.9601	     9	1.2994	     0
2.9625	    12	1.3002	     0
2.9649	    10	1.3011	     0
2.9673	    10	1.3019	     0
2.9697	    11	1.3027	     0
2.9721	    14	1.3036	     0
2.9746	    15	1.3044	     0
2.9770	    13	1.3052	     0
2.9794	     6	1.3061	     0
2.9818	     9	1.3069	     0
2.9842	    10	1.3077	     0
2.9866	     6	1.3085	     0
2.9891	     5	1.3094	     0
2.9915	     4	1.3102	     0
2.9939	     7	1.3110	     0
2.9963	    16	1.3119	     0
2.9987	     7	1.3127	     0
3.0011	     7	1.3135	     0
3.0036	     9	1.3144	     0
3.0060	     8	1.3152	     0
3.0084	     9	1.3160	     0
3.0108	     7	1.3168	     0
3.0132	    11	1.3177	     0
3.0156	     8	1.3185	     0
3.0181	    10	1.3193	     0
3.0205	     3	1.3202	     0
3.0229	    12	1.3210	     0
3.0253	     5	1.3218	     0
3.0277	     7	1.3227	     0
3.0302	     9	1.3235	     0
3.0326	    11	1.3243	     0
3.0350	     9	1.3251	     0
3.0374	     4	1.3260	     0
3.0398	     4	1.3268	     0
3.0422	     7	1.3276	     0
3.0447	     9	1.3285	     0
3.0471	    11	1.3293	     0
3.0495	    14	1.3301	     0
3.0519	    12	1.3310	     0
3.0543	    10	1.3318	     0
3.0567	    12	1.3326	     0
3.0592	    12	1.3334	     0
3.0616	    13	1.3343	     0
3.0640	     6	1.3351	     0
3.0664	     9	1.3359	     0
3.0688	     9	1.3368	     0
3.0712	     7	1.3376	     0
3.0737	     8	1.3384	     0
3.0761	     4	1.3393	     0
3.0785	     9	1.3401	     0
3.0809	    13	1.3409	     0
3.0833	    10	1.3417	     0
3.0857	    13	1.3426	     0
3.0882	     7	1.3434	     0
3.0906	     4	1.3442	     0
3.0930	     7	1.3451	     0
3.0954	     8	1.3459	     0
3.0978	     9	1.3467	     0
3.1002	    10	1.3476	     0
3.1027	     9	1.3484	     0
3.1051	     6	1.3492	     0
3.1075	     8	1.3500	     0
3.1099	    14	1.3509	     0
3.1123	     8	1.3517	     0
3.1147	     3	1.3525	     0
3.1172	     7	1.3534	     0
3.1196	     6	1.3542	     0
3.1220	     8	1.3550	     0
3.1244	    12	1.3559	     0
3.1268	    11	1.3567	     0
3.1292	    11	1.3575	     0
3.1317	     8	1.3583	     0
3.1341	     4	1.3592	     0
3.1365	    16	1.3600	     0
3.1389	     8	1.3608	     0
3.1413	    13	1.3617	     0
3.1437	    10	1.3625	     0
3.1462	    11	1.3633	     0
3.1486	     9	1.3642	     0
3.1510	     9	1.3650	     0
3.1534	     7	1.3658	     0
3.1558	     9	1.3667	     0
3.1583	     7	1.3675	     0
3.1607	    10	1.3683	     0
3.1631	     6	1.3691	     1
3.1655	     9	1.3700	     0
3.1679	     7	1.3708	     0
3.1703	    12	1.3716	     0
3.1728	    11	1.3725	     0
3.1752	    10	1.3733	     0
3.1776	     7	1.3741	     0
3.1800	     6	1.3750	     0
3.1824	    13	1.3758	     0
3.1848	     9	1.3766	     0
3.1873	     8	1.3774	     0
3.1897	     9	1.3783	     0
3.1921	    11	1.3791	     0
3.1945	    11	1.3799	     0
3.1969	     8	1.3808	     0
3.1993	    10	1.3816	     0
3.2018	     8	1.3824	     0
3.2042	    10	1.3833	     0
3.2066	     6	1.3841	     0
3.2090	    11	1.3849	     0
3.2114	    16	1.3857	     1
3.2138	    10	1.3866	     0
3.2163	    12	1.3874	     0
3.2187	    11	1.3882	     0
3.2211	    10	1.3891	     0
3.2235	    10	1.3899	     0
3.2259	    14	1.3907	     0
3.2283	    12	1.3916	     0
3.2308	     6	1.3924	     0
3.2332	    15	1.3932	     0
3.2356	    12	1.3940	     0
3.2380	    14	1.3949	     0
3.2404	    10	1.3957	     0
3.2428	     3	1.3965	     0
3.2453	    12	1.3974	     0
3.2477	     6	1.3982	     0
3.2501	     8	1.3990	     0
3.2525	    14	1.3999	     0
3.2549	     6	1.4007	     0
3.2573	     8	1.4015	     0
3.2598	     9	1.4023	     0
3.2622	    10	1.4032	     0
3.2646	     8	1.4040	     0
3.2670	     9	1.4048	     0
3.2694	     6	1.4057	     0
3.2719	     8	1.4065	     0
3.2743	    11	1.4073	     0
3.2767	    10	1.4082	     0
3.2791	     7	1.4090	     0
3.2815	    12	1.4098	     0
3.2839	    11	1.4106	     0
3.2864	     3	1.4115	     0
3.2888	     7	1.4123	     0
3.2912	    10	1.4131	     0
3.2936	     8	1.4140	     0
3.2960	     8	1.4148	     0
3.2984	     8	1.4156	     0
3.3009	     6	1.4165	     0
3.3033	     7	1.4173	     0
3.3057	     5	1.4181	     0
3.3081	     7	1.4189	     0
3.3105	     7	1.4198	     0
3.3129	     9	1.4206	     0
3.3154	     9	1.4214	     0
3.3178	    13	1.4223	     0
3.3202	     3	1.4231	     0
3.3226	     9	1.4239	     0
3.3250	     8	1.4248	     0
3.3274	     4	1.4256	     0
3.3299	     7	1.4264	     0
3.3323	     7	1.4272	     0
3.3347	     3	1.4281	     0
3.3371	     4	1.4289	     0
3.3395	     7	1.4297	     0
3.3419	     4	1.4306	     0
3.3444	     4	1.4314	     0
3.3468	     8	1.4322	     1
3.3492	     8	1.4331	     0
3.3516	     5	1.4339	     0
3.3540	     4	1.4347	     0
3.3564	     9	1.4355	     0
3.3589	     7	1.4364	     0
3.3613	     1	1.4372	     0
3.3637	     5	1.4380	     0
3.3661	     8	1.4389	     0
3.3685	     9	1.4397	     0
3.3709	     3	1.4405	     0
3.3734	     4	1.4414	     0
3.3758	    10	1.4422	     0
3.3782	     8	1.4430	     0
3.3806	     5	1.4438	     0
3.3830	     3	1.4447	     0
3.3854	    10	1.4455	     0
3.3879	     2	1.4463	     0
3.3903	     8	1.4472	     0
3.3927	     2	1.4480	     0
3.3951	     6	1.4488	     0
3.3975	     3	1.4497	     0
3.4000	     3	1.4505	     0
3.4024	     2	1.4513	     0
3.4048	     3	1.4521	     0
3.4072	     8	1.4530	     0
3.4096	     8	1.4538	     0
3.4120	     5	1.4546	     0
3.4145	     6	1.4555	     0
3.4169	     6	1.4563	     0
3.4193	     4	1.4571	     0
3.4217	     3	1.4580	     0
3.4241	    11	1.4588	     0
3.4265	     3	1.4596	     0
3.4290	     2	1.4604	     0
3.4314	     7	1.4613	     0
3.4338	    10	1.4621	     0
3.4362	     4	1.4629	     0
3.4386	     5	1.4638	     0
3.4410	    10	1.4646	     0
3.4435	     7	1.4654	     0
3.4459	     7	1.4663	     0
3.4483	     8	1.4671	     0
3.4507	     4	1.4679	     0
3.4531	    10	1.4688	     0
3.4555	     5	1.4696	     0
3.4580	     9	1.4704	     0
3.4604	     4	1.4712	     0
3.4628	     6	1.4721	     0
3.4652	     7	1.4729	     0
3.4676	     3	1.4737	     0
3.4700	    12	1.4746	     0
3.4725	     4	1.4754	     0
3.4749	    10	1.4762	     0
3.4773	     4	1.4771	     0
3.4797	    18	1.4779	     0
3.4821	    11	1.4787	     0
3.4845	    10	1.4795	     0
3.4870	    13	1.4804	     0
3.4894	    20	1.4812	     0
3.4918	    18	1.4820	     0
3.4942	    10	1.4829	     0
3.4966	    14	1.4837	     0
3.4990	    14	1.4845	     0
3.5015	     9	1.4854	     0
3.5039	    13	1.4862	     0
3.5063	    15	1.4870	     0
3.5087	    22	1.4878	     0
3.5111	    22	1.4887	     0
3.5135	    21	1.4895	     0
3.5160	    19	1.4903	     0
3.5184	    25	1.4912	     0
3.5208	    25	1.4920	     0
3.5232	    15	1.4928	     0
3.5256	    25	1.4937	     0
3.5281	    37	1.4945	     0
3.5305	    31	1.4953	     0
3.5329	    34	1.4961	     0
3.5353	    29	1.4970	     0
3.5377	    28	1.4978	     0
3.5401	    27	1.4986	     0
3.5426	    27	1.4995	     0
3.5450	    24	1.5003	     0
3.5474	    28	1.5011	     0
3.5498	    24	1.5020	     0
3.5522	    24	1.5028	     0
3.5546	    13	1.5036	     0
3.5571	    29	1.5044	     0
3.5595	    19	1.5053	     0
3.5619	    15	1.5061	     0
3.5643	    15	1.5069	     0
3.5667	    19	1.5078	     0
3.5691	     8	1.5086	     0
3.5716	     7	1.5094	     0
3.5740	     6	1.5103	     0
3.5764	    14	1.5111	     0
3.5788	     6	1.5119	     0
3.5812	    10	1.5127	     0
3.5836	     6	1.5136	     0
3.5861	    11	1.5144	     0
3.5885	     4	1.5152	     0
3.5909	     4	1.5161	     0
3.5933	     4	1.5169	     0
3.5957	    10	1.5177	     0
3.5981	     2	1.5186	     0
3.6006	     2	1.5194	     0
3.6030	     7	1.5202	     0
3.6054	     1	1.5210	     0
3.6078	     7	1.5219	     0
3.6102	     6	1.5227	     0
3.6126	     5	1.5235	     0
3.6151	     8	1.5244	     0
3.6175	     1	1.5252	     0
3.6199	     4	1.5260	     0
3.6223	     9	1.5269	     0
3.6247	    10	1.5277	     0
3.6271	     7	1.5285	     0
3.6296	     7	1.5293	     0
3.6320	    12	1.5302	     0
3.6344	    12	1.5310	     0
3.6368	    12	1.5318	     0
3.6392	    12	1.5327	     0
3.6417	     7	1.5335	     0
3.6441	     7	1.5343	     0
3.6465	    18	1.5352	     0
3.6489	    20	1.5360	     0
3.6513	     7	1.5368	     0
3.6537	    12	1.5376	     0
3.6562	    10	1.5385	     0
3.6586	    10	1.5393	     0
3.6610	     8	1.5401	     0
3.6634	     8	1.5410	     1
3.6658	    11	1.5418	     0
3.6682	    17	1.5426	     0
3.6707	    10	1.5435	     0
3.6731	    14	1.5443	     0
3.6755	    13	1.5451	     0
3.6779	    16	1.5459	     0
3.6803	    12	1.5468	     0
3.6827	     9	1.5476	     0
3.6852	    16	1.5484	     0
3.6876	    10	1.5493	     0
3.6900	     6	1.5501	     0
3.6924	    12	1.5509	     0
3.6948	    11	1.5518	     0
3.6972	     6	1.5526	     0
3.6997	     9	1.5534	     0
3.7021	    10	1.5542	     0
3.7045	     4	1.5551	     1
3.7069	     3	1.5559	     0
3.7093	     5	1.5567	     0
3.7117	     3	1.5576	     0
3.7142	     5	1.5584	     0
3.7166	     2	1.5592	     0
3.7190	     2	1.5601	     0
3.7214	     0	1.5609	     1
3.7238	     3	1.5617	     0
3.7262	     2	1.5625	     0
3.7287	     1	1.5634	     0
3.7311	     5	1.5642	     0
3.7335	     2	1.5650	     0
3.7359	     3	1.5659	     0
3.7383	     0	1.5667	     1
3.7407	     4	1.5675	     0
3.7432	     1	1.5684	     0
3.7456	     0	1.5692	     0
3.7480	     4	1.5700	     0
3.7504	     1	1.5708	     0
3.7528	     1	1.5717	     0
3.7552	     1	1.5725	     0
3.7577	     2	1.5733	     0
3.7601	     0	1.5742	     0
3.7625	     0	1.5750	     0
3.7649	     2	1.5758	     0
3.7673	     1	1.5767	     0
3.7698	     2	1.5775	     1
3.7722	     1	1.5783	     0
3.7746	     3	1.5792	     0
3.7770	     0	1.5800	     0
3.7794	     2	1.5808	     0
3.7818	     0	1.5816	     0
3.7843	     1	1.5825	     0
3.7867	     1	1.5833	     0
3.7891	     2	1.5841	     0
3.7915	     1	1.5850	     0
3.7939	     1	1.5858	     0
3.7963	     0	1.5866	     0
3.7988	     0	1.5875	     0
3.8012	     1	1.5883	     0
3.8036	     0	1.5891	     0
3.8060	     1	1.5899	     0
3.8084	     0	1.5908	     0
3.8108	     2	1.5916	     0
3.8133	     1	1.5924	     0
3.8157	     0	1.5933	     0
3.8181	     1	1.5941	     0
3.8205	     0	1.5949	     0
3.8229	     3	1.5958	     0
3.8253	     0	1.5966	     0
3.8278	     2	1.5974	     0
3.8302	     2	1.5982	     0
3.8326	     0	1.5991	     0
3.8350	     3	1.5999	     0
3.8374	     1	1.6007	     0
3.8398	     1	1.6016	     0
3.8423	     2	1.6024	     0
3.8447	     1	1.6032	     1
3.8471	     2	1.6041	     0
3.8495	     0	1.6049	     0
3.8519	     0	1.6057	     0
3.8543	     1	1.6065	     0
3.8568	     2	1.6074	     0
3.8592	     0	1.6082	     0
3.8616	     1	1.6090	     0
3.8640	     1	1.6099	     1
3.8664	     0	1.6107	     0
3.8688	     0	1.6115	     0
3.8713	     0	1.6124	     0
3.8737	     0	1.6132	     0
3.8761	     0	1.6140	     0
3.8785	     0	1.6148	     0
3.8809	     1	1.6157	     0
3.8833	     1	1.6165	     0
3.8858	     0	1.6173	     0
3.8882	     1	1.6182	     0
3.8906	     0	1.6190	     0
3.8930	     1	1.6198	     0
3.8954	     2	1.6207	     0
3.8979	     1	1.6215	     0
3.9003	     1	1.6223	     0
3.9027	     0	1.6231	     0
3.9051	     0	1.6240	     0
3.9075	     0	1.6248	     0
3.9099	     2	1.6256	     0
3.9124	     0	1.6265	     0
3.9148	     0	1.6273	     0
3.9172	     0	1.6281	     0
3.9196	     1	1.6290	     0
3.9220	     0	1.6298	     0
3.9244	     1	1.6306	     0
3.9269	     0	1.6314	     0
3.9293	     2	1.6323	     0
3.9317	     1	1.6331	     0
3.9341	     1	1.6339	     0
3.9365	     1	1.6348	     0
3.9389	     0	1.6356	     0
3.9414	     1	1.6364	     0
3.9438	     0	1.6373	     0
3.9462	     2	1.6381	     0
3.9486	     0	1.6389	     0
3.9510	     1	1.6397	     0
3.9534	     0	1.6406	     0
3.9559	     0	1.6414	     0
3.9583	     1	1.6422	     0
3.9607	     0	1.6431	     0
3.9631	     0	1.6439	     0
3.9655	     0	1.6447	     0
3.9679	     1	1.6456	     0
3.9704	     0	1.6464	     0
3.9728	     1	1.6472	     0
3.9752	     1	1.6480	     0
3.9776	     1	1.6489	     0
3.9800	     0	1.6497	     0
3.9824	     1	1.6505	     0
3.9849	     0	1.6514	     0
3.9873	     1	1.6522	     0
3.9897	     1	1.6530	     0
3.9921	     0	1.6539	     0
3.9945	     0	1.6547	     0
3.9969	     1	1.6555	     0
3.9994	     2	1.6563	     0
4.0018	     0	1.6572	     0
4.0042	     1	1.6580	     0
4.0066	     0	1.6588	     0
4.0090	     1	1.6597	     0
4.0115	     1	1.6605	     0
4.0139	     0	1.6613	     0
4.0163	     0	1.6622	     0
4.0187	     0	1.6630	     0
4.0211	     0	1.6638	     0
4.0235	     0	1.6646	     0
4.0260	     1	1.6655	     0
4.0284	     3	1.6663	     0
4.0308	     0	1.6671	     0
4.0332	     1	1.6680	     0
4.0356	     2	1.6688	     0
4.0380	     0	1.6696	     0
4.0405	     1	1.6705	     0
4.0429	     1	1.6713	     0
4.0453	     2	1.6721	     0
4.0477	     0	1.6729	     0
4.0501	     3	1.6738	     0
4.0525	     2	1.6746	     0
4.0550	     1	1.6754	     0
4.0574	     1	1.6763	     0
4.0598	     0	1.6771	     0
4.0622	     0	1.6779	     0
4.0646	     0	1.6788	     0
4.0670	     1	1.6796	     0
4.0695	     0	1.6804	     0
4.0719	     0	1.6812	     0
4.0743	     2	1.6821	     0
4.0767	     0	1.6829	     0
4.0791	     1	1.6837	     0
4.0815	     1	1.6846	     0
4.0840	     0	1.6854	     0
4.0864	     2	1.6862	     0
4.0888	     5	1.6871	     0
4.0912	     0	1.6879	     0
4.0936	     0	1.6887	     0
4.0960	     0	1.6896	     0
4.0985	     4	1.6904	     0
4.1009	     2	1.6912	     0
4.1033	     1	1.6920	     0
4.1057	     3	1.6929	     0
4.1081	     0	1.6937	     0
4.1105	     0	1.6945	     0
4.1130	     1	1.6954	     0
4.1154	     0	1.6962	     0
4.1178	     1	1.6970	     0
4.1202	     0	1.6979	     0
4.1226	     4	1.6987	     0
4.1250	     0	1.6995	     0
4.1275	     0	1.7003	     0
4.1299	     0	1.7012	     0
4.1323	     1	1.7020	     0
4.1347	     2	1.7028	     0
4.1371	     0	1.7037	     0
4.1396	     0	1.7045	     0
4.1420	     0	1.7053	     0
4.1444	     1	1.7062	     0
4.1468	     2	1.7070	     1
4.1492	     1	1.7078	     0
4.1516	     1	1.7086	     1
4.1541	     2	1.7095	     0
4.1565	     0	1.7103	     0
4.1589	     1	1.7111	     0
4.1613	     2	1.7120	     0
4.1637	     2	1.7128	     0
4.1661	     1	1.7136	     0
4.1686	     4	1.7145	     0
4.1710	     0	1.7153	     0
4.1734	     2	1.7161	     0
4.1758	     1	1.7169	     0
4.1782	     1	1.7178	     0
4.1806	     0	1.7186	     0
4.1831	     0	1.7194	     0
4.1855	     0	1.7203	     0
4.1879	     1	1.7211	     0
4.1903	     0	1.7219	     0
4.1927	     0	1.7228	     0
4.1951	     1	1.7236	     0
4.1976	     1	1.7244	     0
4.2000	     2	1.7252	     0
4.2024	     0	1.7261	     0
4.2048	     2	1.7269	     0
4.2072	     2	1.7277	     0
4.2096	     3	1.7286	     0
4.2121	     0	1.7294	     0
4.2145	     0	1.7302	     0
4.2169	     2	1.7311	     0
4.2193	     3	1.7319	     0
4.2217	     2	1.7327	     0
4.2241	     6	1.7335	     0
4.2266	     3	1.7344	     0
4.2290	     1	1.7352	     0
4.2314	     4	1.7360	     0
4.2338	     1	1.7369	     0
4.2362	     2	1.7377	     0
4.2386	     5	1.7385	     0
4.2411	     3	1.7394	     0
4.2435	     2	1.7402	     0
4.2459	     0	1.7410	     0
4.2483	     4	1.7418	     0
4.2507	     1	1.7427	     0
4.2531	     4	1.7435	     0
4.2556	     1	1.7443	     0
4.2580	     4	1.7452	     0
4.2604	     6	1.7460	     0
4.2628	     4	1.7468	     1
4.2652	     2	1.7477	     0
4.2677	     3	1.7485	     0
4.2701	     2	1.7493	     0
4.2725	     7	1.7501	     0
4.2749	     3	1.7510	     0
4.2773	     4	1.7518	     0
4.2797	     4	1.7526	     0
4.2822	     1	1.7535	     0
4.2846	     2	1.7543	     0
4.2870	     6	1.7551	     0
4.2894	     2	1.7560	     0
4.2918	     3	1.7568	     0
4.2942	     5	1.7576	     0
4.2967	     3	1.7584	     0
4.2991	     4	1.7593	     0
4.3015	     0	1.7601	     0
4.3039	     3	1.7609	     0
4.3063	     2	1.7618	     0
4.3087	     2	1.7626	     0
4.3112	     3	1.7634	     0
4.3136	     2	1.7643	     0
4.3160	     1	1.7651	     0
4.3184	     1	1.7659	     0
4.3208	     1	1.7667	     0
4.3232	     1	1.7676	     0
4.3257	     2	1.7684	     0
4.3281	     2	1.7692	     0
4.3305	     0	1.7701	     0
4.3329	     2	1.7709	     0
4.3353	     0	1.7717	     0
4.3377	     2	1.7726	     0
4.3402	     0	1.7734	     0
4.3426	     1	1.7742	     0
4.3450	     0	1.7750	     0
4.3474	     2	1.7759	     0
4.3498	     0	1.7767	     0
4.3522	     0	1.7775	     0
4.3547	     0	1.7784	     0
4.3571	     1	1.7792	     0
4.3595	     0	1.7800	     0
4.3619	     0	1.7809	     0
4.3643	     0	1.7817	     1
4.3667	     1	1.7825	     0
4.3692	     0	1.7833	     0
4.3716	     1	1.7842	     0
4.3740	     1	1.7850	     0
4.3764	     1	1.7858	     0
4.3788	     0	1.7867	     0
4.3812	     0	1.7875	     0
4.3837	     0	1.7883	     0
4.3861	     0	1.7892	     0
4.3885	     0	1.7900	     0
4.3909	     0	1.7908	     0
4.3933	     0	1.7917	     0
4.3958	     0	1.7925	     0
4.3982	     1	1.7933	     0
4.4006	     0	1.7941	     0
4.4030	     0	1.7950	     0
4.4054	     0	1.7958	     0
4.4078	     0	1.7966	     0
4.4103	     0	1.7975	     0
4.4127	     0	1.7983	     0
4.4151	     0	1.7991	     0
4.4175	     0	1.8000	     0
4.4199	     0	1.8008	     0
4.4223	     0	1.8016	     0
4.4248	     0	1.8024	     0
4.4272	     0	1.8033	     0
4.4296	     0	1.8041	     0
4.4320	     0	1.8049	     0
4.4344	     0	1.8058	     0
4.4368	     0	1.8066	     0
4.4393	     0	1.8074	     0
4.4417	     0	1.8083	     0
4.4441	     0	1.8091	     0
4.4465	     0	1.8099	     0
4.4489	     0	1.8107	     0
4.4513	     0	1.8116	     0
4.4538	     0	1.8124	     0
4.4562	     0	1.8132	     0
4.4586	     0	1.8141	     0
4.4610	     0	1.8149	     0
4.4634	     0	1.8157	     0
4.4658	     0	1.8166	     0
4.4683	     0	1.8174	     0
4.4707	     0	1.8182	     0
4.4731	     0	1.8190	     0
4.4755	     0	1.8199	     0
4.4779	     0	1.8207	     0
4.4803	     0	1.8215	     0
4.4828	     0	1.8224	     0
4.4852	     0	1.8232	     0
4.4876	     0	1.8240	     0
4.4900	     0	1.8249	     0
4.4924	     0	1.8257	     0
4.4948	     0	1.8265	     0
4.4973	     0	1.8273	     0
4.4997	     0	1.8282	     0
4.5021	     0	1.8290	     0
4.5045	     0	1.8298	     0
4.5069	     0	1.8307	     0
4.5094	     0	1.8315	     0
4.5118	     0	1.8323	     0
4.5142	     0	1.8332	     0
4.5166	     0	1.8340	     0
4.5190	     0	1.8348	     0
4.5214	     0	1.8356	     0
4.5239	     0	1.8365	     0
4.5263	     0	1.8373	     0
4.5287	     0	1.8381	     0
4.5311	     0	1.8390	     0
4.5335	     0	1.8398	     0
4.5359	     0	1.8406	     0
4.5384	     0	1.8415	     0
4.5408	     0	1.8423	     0
4.5432	     0	1.8431	     0
4.5456	     0	1.8439	     0
4.5480	     0	1.8448	     0
4.5504	     0	1.8456	     0
4.5529	     0	1.8464	     0
4.5553	     0	1.8473	     0
4.5577	     0	1.8481	     0
4.5601	     0	1.8489	     0
4.5625	     0	1.8498	     0
4.5649	     0	1.8506	     0
4.5674	     0	1.8514	     0
4.5698	     0	1.8522	     0
4.5722	     0	1.8531	     0
4.5746	     0	1.8539	     1
4.5770	     0	1.8547	     0
4.5794	     0	1.8556	     0
4.5819	     0	1.8564	     0
4.5843	     0	1.8572	     0
4.5867	     0	1.8581	     0
4.5891	     0	1.8589	     0
4.5915	     0	1.8597	     0
4.5939	     0	1.8605	     0
4.5964	     0	1.8614	     0
4.5988	     0	1.8622	     0
4.6012	     0	1.8630	     0
4.6036	     0	1.8639	     0
4.6060	     0	1.8647	     0
4.6084	     0	1.8655	     0
4.6109	     0	1.8664	     0
4.6133	     0	1.8672	     0
4.6157	     0	1.8680	     0
4.6181	     0	1.8688	     0
4.6205	     0	1.8697	     0
4.6229	     0	1.8705	     0
4.6254	     0	1.8713	     0
4.6278	     0	1.8722	     0
4.6302	     0	1.8730	     0
4.6326	     0	1.8738	     0
4.6350	     0	1.8747	     0
4.6375	     0	1.8755	     0
4.6399	     0	1.8763	     0
4.6423	     0	1.8771	     0
4.6447	     0	1.8780	     0
4.6471	     0	1.8788	     0
4.6495	     0	1.8796	     0
4.6520	     0	1.8805	     0
4.6544	     0	1.8813	     1
4.6568	     0	1.8821	     0
4.6592	     0	1.8830	     0
4.6616	     0	1.8838	     0
4.6640	     0	1.8846	     0
4.6665	     0	1.8854	     0
4.6689	     0	1.8863	     0
4.6713	     0	1.8871	     0
4.6737	     0	1.8879	     0
4.6761	     0	1.8888	     0
4.6785	     0	1.8896	     0
4.6810	     0	1.8904	     0
4.6834	     0	1.8913	     0
4.6858	     0	1.8921	     0
4.6882	     0	1.8929	     0
4.6906	     0	1.8938	     0
4.6930	     0	1.8946	     0
4.6955	     0	1.8954	     0
4.6979	     0	1.8962	     0
4.7003	     0	1.8971	     0
4.7027	     0	1.8979	     0
4.7051	     0	1.8987	     0
4.7075	     0	1.8996	     0
4.7100	     0	1.9004	     0
4.7124	     0	1.9012	     0
4.7148	     0	1.9021	     0
4.7172	     0	1.9029	     0
4.7196	     0	1.9037	     0
4.7220	     0	1.9045	     0
4.7245	     0	1.9054	     0
4.7269	     0	1.9062	     0
4.7293	     0	1.9070	     0
4.7317	     0	1.9079	     0
4.7341	     0	1.9087	     0
4.7365	     0	1.9095	     0
4.7390	     0	1.9104	     1
4.7414	     0	1.9112	     0
4.7438	     0	1.9120	     0
4.7462	     0	1.9128	     0
4.7486	     0	1.9137	     0
4.7510	     0	1.9145	     0
4.7535	     0	1.9153	     0
4.7559	     0	1.9162	     0
4.7583	     0	1.9170	     0
4.7607	     0	1.9178	     0
4.7631	     0	1.9187	     0
4.7656	     0	1.9195	     0
4.7680	     0	1.9203	     0
4.7704	     0	1.9211	     0
4.7728	     0	1.9220	     0
4.7752	     0	1.9228	     0
4.7776	     0	1.9236	     0
4.7801	     0	1.9245	     0
4.7825	     0	1.9253	     0
4.7849	     0	1.9261	     0
4.7873	     0	1.9270	     0
4.7897	     0	1.9278	     0
4.7921	     0	1.9286	     0
4.7946	     0	1.9294	     0
4.7970	     0	1.9303	     0
4.7994	     0	1.9311	     0
4.8018	     0	1.9319	     0
4.8042	     0	1.9328	     0
4.8066	     0	1.9336	     0
4.8091	     0	1.9344	     0
4.8115	     0	1.9353	     0
4.8139	     0	1.9361	     0
4.8163	     0	1.9369	     0
4.8187	     0	1.9377	     0
4.8211	     0	1.9386	     0
4.8236	     0	1.9394	     0
4.8260	     0	1.9402	     0
4.8284	     0	1.9411	     0
4.8308	     0	1.9419	     0
4.8332	     0	1.9427	     0
4.8356	     0	1.9436	     0
4.8381	     0	1.9444	     0
4.8405	     0	1.9452	     0
4.8429	     0	1.9460	     0
4.8453	     0	1.9469	     0
4.8477	     0	1.9477	     0
4.8501	     0	1.9485	     0
4.8526	     0	1.9494	     0
4.8550	     0	1.9502	     0
4.8574	     0	1.9510	     0
4.8598	     0	1.9519	     0
4.8622	     0	1.9527	     0
4.8646	     0	1.9535	     0
4.8671	     0	1.9543	     1
4.8695	     0	1.9552	     0
4.8719	     0	1.9560	     0
4.8743	     0	1.9568	     0
4.8767	     0	1.9577	     0
4.8792	     0	1.9585	     0
4.8816	     0	1.9593	     0
4.8840	     0	1.9602	     0
4.8864	     0	1.9610	     0
4.8888	     0	1.9618	     0
4.8912	     0	1.9626	     0
4.8937	     0	1.9635	     0
4.8961	     0	1.9643	     0
4.8985	     0	1.9651	     0
4.9009	     0	1.9660	     0
4.9033	     0	1.9668	     0
4.9057	     0	1.9676	     0
4.9082	     0	1.9685	     0
4.9106	     0	1.9693	     0
4.9130	     0	1.9701	     0
4.9154	     0	1.9709	     0
4.9178	     0	1.9718	     0
4.9202	     0	1.9726	     0
4.9227	     0	1.9734	     0
4.9251	     0	1.9743	     0
4.9275	     0	1.9751	     0
4.9299	     0	1.9759	     0
4.9323	     0	1.9768	     0
4.9347	     0	1.9776	     0
4.9372	     0	1.9784	     1
4.9396	     0	1.9792	     0
4.9420	     0	1.9801	     0
4.9444	     0	1.9809	     0
4.9468	     0	1.9817	     0
4.9492	     0	1.9826	     0
4.9517	     0	1.9834	     0
4.9541	     0	1.9842	     0
4.9565	     0	1.9851	     0
4.9589	     0	1.9859	     0
4.9613	     0	1.9867	     0
4.9637	     0	1.9875	     0
4.9662	     0	1.9884	     0
4.9686	     0	1.9892	     0
4.9710	     0	1.9900	     0
4.9734	     0	1.9909	     0
4.9758	     0	1.9917	     0
4.9782	     0	1.9925	     0
4.9807	     0	1.9934	     0
4.9831	     0	1.9942	     0
4.9855	     0	1.9950	     0
4.9879	     0	1.9958	     0
4.9903	     0	1.9967	     0
4.9927	     0	1.9975	     1
4.9952	     0	1.9983	     0
4.9976	     0	1.9992	     0
