01/26/2022 14:26:55
LT: 128.38

0.0300	    59	0.3000	     0
0.0301	    90	0.3008	     0
0.0302	   101	0.3017	     0
0.0302	   103	0.3025	     0
0.0303	    95	0.3033	     0
0.0304	    91	0.3042	     0
0.0305	   109	0.3050	     0
0.0306	    93	0.3058	     0
0.0307	   128	0.3066	     0
0.0307	   106	0.3075	     0
0.0308	   100	0.3083	     0
0.0309	   101	0.3091	     0
0.0310	   107	0.3100	     0
0.0311	    98	0.3108	     0
0.0312	   113	0.3116	     0
0.0312	   111	0.3125	     0
0.0313	   119	0.3133	     0
0.0314	    91	0.3141	     0
0.0315	    88	0.3149	     0
0.0316	    94	0.3158	     0
0.0317	   104	0.3166	     0
0.0317	   121	0.3174	     0
0.0318	   109	0.3183	     0
0.0319	   106	0.3191	     0
0.0320	   123	0.3199	     0
0.0321	   117	0.3208	     0
0.0322	   104	0.3216	     0
0.0322	   108	0.3224	     0
0.0323	   122	0.3232	     0
0.0324	    98	0.3241	     0
0.0325	   100	0.3249	     0
0.0326	   101	0.3257	     0
0.0327	   117	0.3266	     0
0.0327	   100	0.3274	     0
0.0328	   110	0.3282	     0
0.0329	   125	0.3291	     0
0.0330	   103	0.3299	     0
0.0331	    88	0.3307	     0
0.0332	   111	0.3315	     0
0.0332	   106	0.3324	     0
0.0333	   118	0.3332	     0
0.0334	   109	0.3340	     0
0.0335	   102	0.3349	     0
0.0336	   111	0.3357	     0
0.0337	   121	0.3365	     0
0.0337	   108	0.3374	     0
0.0338	    99	0.3382	     0
0.0339	    93	0.3390	     0
0.0340	   103	0.3398	     0
0.0341	   101	0.3407	     0
0.0342	   103	0.3415	     0
0.0342	   107	0.3423	     0
0.0343	   109	0.3432	     0
0.0344	   105	0.3440	     0
0.0345	   114	0.3448	     0
0.0346	   112	0.3457	     0
0.0346	   108	0.3465	     0
0.0347	   108	0.3473	     0
0.0348	   134	0.3481	     0
0.0349	    92	0.3490	     0
0.0350	    87	0.3498	     0
0.0351	    97	0.3506	     0
0.0351	   106	0.3515	     0
0.0352	   114	0.3523	     0
0.0353	   117	0.3531	     0
0.0354	    92	0.3540	     0
0.0355	    99	0.3548	     0
0.0356	   111	0.3556	     0
0.0356	   126	0.3564	     0
0.0357	   105	0.3573	     0
0.0358	   106	0.3581	     0
0.0359	   115	0.3589	     0
0.0360	    88	0.3598	     0
0.0361	   111	0.3606	     0
0.0361	   116	0.3614	     0
0.0362	   105	0.3623	     0
0.0363	   107	0.3631	     0
0.0364	    94	0.3639	     0
0.0365	   132	0.3647	     0
0.0366	   108	0.3656	     0
0.0366	   110	0.3664	     0
0.0367	   111	0.3672	     0
0.0368	   107	0.3681	     0
0.0369	    89	0.3689	     0
0.0370	   107	0.3697	     0
0.0371	   109	0.3706	     0
0.0371	    78	0.3714	     0
0.0372	   105	0.3722	     0
0.0373	   111	0.3730	     0
0.0374	    96	0.3739	     0
0.0375	   102	0.3747	     0
0.0376	    82	0.3755	     0
0.0376	    88	0.3764	     0
0.0377	   106	0.3772	     0
0.0378	   113	0.3780	     0
0.0379	    93	0.3789	     0
0.0380	   104	0.3797	     0
0.0381	   111	0.3805	     0
0.0381	   103	0.3813	     0
0.0382	   102	0.3822	     0
0.0383	    99	0.3830	     0
0.0384	   111	0.3838	     0
0.0385	    83	0.3847	     0
0.0385	    99	0.3855	     0
0.0386	   100	0.3863	     0
0.0387	    87	0.3872	     0
0.0388	   107	0.3880	     0
0.0389	   105	0.3888	     0
0.0390	   124	0.3896	     0
0.0390	   112	0.3905	     0
0.0391	   103	0.3913	     0
0.0392	    98	0.3921	     0
0.0393	   122	0.3930	     0
0.0394	   103	0.3938	     0
0.0395	   112	0.3946	     0
0.0395	   118	0.3955	     0
0.0396	    99	0.3963	     0
0.0397	    91	0.3971	     0
0.0398	   116	0.3979	     0
0.0399	   117	0.3988	     0
0.0400	   115	0.3996	     0
0.0400	   118	0.4004	     0
0.0401	   104	0.4013	     0
0.0402	    95	0.4021	     0
0.0403	    98	0.4029	     0
0.0404	   103	0.4038	     0
0.0405	   105	0.4046	     0
0.0405	   127	0.4054	     0
0.0406	   104	0.4063	     0
0.0407	   117	0.4071	     0
0.0408	   127	0.4079	     0
0.0409	   118	0.4087	     0
0.0410	   117	0.4096	     0
0.0410	   115	0.4104	     0
0.0411	   107	0.4112	     0
0.0412	   121	0.4121	     0
0.0413	   120	0.4129	     0
0.0414	   123	0.4137	     0
0.0415	   116	0.4146	     0
0.0415	   101	0.4154	     0
0.0416	   116	0.4162	     0
0.0417	   104	0.4170	     0
0.0418	   108	0.4179	     0
0.0419	   128	0.4187	     0
0.0420	   117	0.4195	     0
0.0420	   102	0.4204	     0
0.0421	   108	0.4212	     0
0.0422	   116	0.4220	     0
0.0423	   107	0.4229	     0
0.0424	   120	0.4237	     0
0.0425	   126	0.4245	     0
0.0425	   125	0.4253	     0
0.0426	   117	0.4262	     0
0.0427	   110	0.4270	     0
0.0428	   154	0.4278	     0
0.0429	   125	0.4287	     0
0.0429	   123	0.4295	     0
0.0430	   115	0.4303	     0
0.0431	   141	0.4312	     0
0.0432	   134	0.4320	     0
0.0433	   142	0.4328	     0
0.0434	   140	0.4336	     0
0.0434	   115	0.4345	     0
0.0435	   142	0.4353	     0
0.0436	   136	0.4361	     0
0.0437	   135	0.4370	     0
0.0438	   140	0.4378	     0
0.0439	   145	0.4386	     0
0.0439	   138	0.4395	     0
0.0440	   132	0.4403	     0
0.0441	   158	0.4411	     0
0.0442	   145	0.4419	     0
0.0443	   165	0.4428	     0
0.0444	   138	0.4436	     0
0.0444	   123	0.4444	     0
0.0445	   143	0.4453	     0
0.0446	   153	0.4461	     0
0.0447	   125	0.4469	     0
0.0448	   152	0.4478	     0
0.0449	   122	0.4486	     0
0.0449	   123	0.4494	     0
0.0450	   154	0.4502	     0
0.0451	   147	0.4511	     0
0.0452	   149	0.4519	     0
0.0453	   121	0.4527	     0
0.0454	   134	0.4536	     0
0.0454	   126	0.4544	     0
0.0455	   136	0.4552	     0
0.0456	   128	0.4561	     0
0.0457	   133	0.4569	     0
0.0458	   128	0.4577	     0
0.0459	   133	0.4585	     0
0.0459	   137	0.4594	     0
0.0460	   130	0.4602	     0
0.0461	   149	0.4610	     0
0.0462	   127	0.4619	     0
0.0463	   144	0.4627	     0
0.0464	   121	0.4635	     0
0.0464	   147	0.4644	     0
0.0465	   132	0.4652	     0
0.0466	   142	0.4660	     0
0.0467	   156	0.4668	     0
0.0468	   118	0.4677	     0
0.0469	   134	0.4685	     0
0.0469	   124	0.4693	     0
0.0470	   144	0.4702	     0
0.0471	   148	0.4710	     0
0.0472	   138	0.4718	     0
0.0473	   150	0.4727	     0
0.0473	   131	0.4735	     0
0.0474	   125	0.4743	     0
0.0475	   134	0.4751	     0
0.0476	   137	0.4760	     0
0.0477	   114	0.4768	     0
0.0478	   125	0.4776	     0
0.0478	   140	0.4785	     0
0.0479	   131	0.4793	     0
0.0480	   125	0.4801	     0
0.0481	   142	0.4810	     0
0.0482	   128	0.4818	     0
0.0483	   139	0.4826	     0
0.0483	   136	0.4834	     0
0.0484	   139	0.4843	     0
0.0485	   123	0.4851	     0
0.0486	   139	0.4859	     0
0.0487	   136	0.4868	     0
0.0488	   121	0.4876	     0
0.0488	   115	0.4884	     0
0.0489	   128	0.4893	     0
0.0490	   107	0.4901	     0
0.0491	   109	0.4909	     0
0.0492	   120	0.4917	     0
0.0493	   122	0.4926	     0
0.0493	   148	0.4934	     0
0.0494	   107	0.4942	     0
0.0495	   108	0.4951	     0
0.0496	   121	0.4959	     0
0.0497	   116	0.4967	     0
0.0498	    96	0.4976	     0
0.0498	   120	0.4984	     0
0.0499	    99	0.4992	     0
0.0500	   102	0.5000	     0
0.0501	   122	0.5009	     0
0.0502	   114	0.5017	     0
0.0503	   130	0.5025	     0
0.0503	   124	0.5034	     0
0.0504	   124	0.5042	     0
0.0505	   110	0.5050	     0
0.0506	   134	0.5059	     0
0.0507	   116	0.5067	     0
0.0508	   115	0.5075	     0
0.0508	    99	0.5083	     0
0.0509	   131	0.5092	     0
0.0510	   126	0.5100	     0
0.0511	   115	0.5108	     0
0.0512	   127	0.5117	     0
0.0513	   113	0.5125	     0
0.0513	   123	0.5133	     0
0.0514	   104	0.5142	     0
0.0515	   118	0.5150	     0
0.0516	   100	0.5158	     0
0.0517	   130	0.5167	     0
0.0517	   112	0.5175	     0
0.0518	   111	0.5183	     0
0.0519	   118	0.5191	     0
0.0520	   116	0.5200	     0
0.0521	   109	0.5208	     0
0.0522	   102	0.5216	     0
0.0522	   112	0.5225	     0
0.0523	   124	0.5233	     0
0.0524	   115	0.5241	     0
0.0525	   128	0.5250	     0
0.0526	   116	0.5258	     0
0.0527	   114	0.5266	     0
0.0527	   110	0.5274	     0
0.0528	   123	0.5283	     0
0.0529	   106	0.5291	     0
0.0530	    90	0.5299	     0
0.0531	   103	0.5308	     0
0.0532	    95	0.5316	     0
0.0532	   101	0.5324	     0
0.0533	   102	0.5333	     0
0.0534	   129	0.5341	     0
0.0535	   105	0.5349	     0
0.0536	    94	0.5357	     0
0.0537	   107	0.5366	     0
0.0537	   109	0.5374	     0
0.0538	   121	0.5382	     0
0.0539	    94	0.5391	     0
0.0540	   114	0.5399	     0
0.0541	   100	0.5407	     0
0.0542	   102	0.5416	     0
0.0542	   114	0.5424	     0
0.0543	   102	0.5432	     0
0.0544	   108	0.5440	     0
0.0545	   122	0.5449	     0
0.0546	   136	0.5457	     0
0.0547	   114	0.5465	     0
0.0547	    95	0.5474	     0
0.0548	    92	0.5482	     0
0.0549	   108	0.5490	     0
0.0550	    97	0.5499	     0
0.0551	   102	0.5507	     0
0.0552	   128	0.5515	     0
0.0552	   101	0.5523	     0
0.0553	   111	0.5532	     0
0.0554	    81	0.5540	     0
0.0555	   121	0.5548	     0
0.0556	   111	0.5557	     0
0.0556	    92	0.5565	     0
0.0557	   105	0.5573	     0
0.0558	   113	0.5582	     0
0.0559	    93	0.5590	     0
0.0560	   112	0.5598	     0
0.0561	    99	0.5606	     0
0.0561	    96	0.5615	     0
0.0562	   111	0.5623	     0
0.0563	   112	0.5631	     0
0.0564	   104	0.5640	     0
0.0565	   113	0.5648	     0
0.0566	   112	0.5656	     0
0.0566	    89	0.5665	     0
0.0567	   106	0.5673	     0
0.0568	   107	0.5681	     0
0.0569	    88	0.5689	     0
0.0570	    96	0.5698	     0
0.0571	    92	0.5706	     1
0.0571	   104	0.5714	     0
0.0572	   103	0.5723	     0
0.0573	   103	0.5731	     0
0.0574	   102	0.5739	     0
0.0575	    85	0.5748	     0
0.0576	    96	0.5756	     0
0.0576	    91	0.5764	     0
0.0577	    94	0.5772	     0
0.0578	    97	0.5781	     0
0.0579	   110	0.5789	     0
0.0580	   111	0.5797	     0
0.0581	    93	0.5806	     0
0.0581	    85	0.5814	     0
0.0582	   129	0.5822	     0
0.0583	   102	0.5831	     0
0.0584	    84	0.5839	     0
0.0585	    78	0.5847	     0
0.0586	   104	0.5855	     0
0.0586	    82	0.5864	     0
0.0587	    94	0.5872	     0
0.0588	    98	0.5880	     0
0.0589	   112	0.5889	     0
0.0590	    93	0.5897	     0
0.0591	   100	0.5905	     0
0.0591	    90	0.5914	     0
0.0592	   108	0.5922	     0
0.0593	    95	0.5930	     0
0.0594	    99	0.5938	     0
0.0595	    83	0.5947	     0
0.0596	   108	0.5955	     0
0.0596	   104	0.5963	     0
0.0597	    88	0.5972	     0
0.0598	    92	0.5980	     0
0.0599	    97	0.5988	     0
0.0600	   107	0.5997	     0
0.0600	   102	0.6005	     0
0.0601	    97	0.6013	     0
0.0602	    95	0.6021	     0
0.0603	    87	0.6030	     0
0.0604	   102	0.6038	     0
0.0605	    86	0.6046	     0
0.0605	   102	0.6055	     0
0.0606	    76	0.6063	     0
0.0607	    95	0.6071	     0
0.0608	    93	0.6080	     0
0.0609	    74	0.6088	     0
0.0610	    96	0.6096	     0
0.0610	   107	0.6104	     0
0.0611	    86	0.6113	     0
0.0612	    92	0.6121	     0
0.0613	    86	0.6129	     0
0.0614	    54	0.6138	     0
0.0615	   126	0.6146	     0
0.0615	   105	0.6154	     0
0.0616	   116	0.6163	     0
0.0617	    87	0.6171	     0
0.0618	    82	0.6179	     0
0.0619	    99	0.6187	     0
0.0620	   107	0.6196	     0
0.0620	    81	0.6204	     0
0.0621	    92	0.6212	     0
0.0622	    94	0.6221	     0
0.0623	    97	0.6229	     0
0.0624	    82	0.6237	     0
0.0625	    92	0.6246	     0
0.0625	   100	0.6254	     0
0.0626	   103	0.6262	     0
0.0627	   114	0.6271	     0
0.0628	    64	0.6279	     0
0.0629	   108	0.6287	     0
0.0630	    88	0.6295	     0
0.0630	   109	0.6304	     0
0.0631	   103	0.6312	     0
0.0632	    91	0.6320	     0
0.0633	    98	0.6329	     0
0.0634	    86	0.6337	     0
0.0635	    81	0.6345	     0
0.0635	   111	0.6354	     0
0.0636	    88	0.6362	     0
0.0637	    84	0.6370	     0
0.0638	    79	0.6378	     0
0.0639	    96	0.6387	     0
0.0640	    87	0.6395	     0
0.0640	    85	0.6403	     0
0.0641	    83	0.6412	     0
0.0642	   102	0.6420	     0
0.0643	   110	0.6428	     0
0.0644	    93	0.6437	     0
0.0644	   104	0.6445	     0
0.0645	    85	0.6453	     0
0.0646	    88	0.6461	     0
0.0647	    89	0.6470	     0
0.0648	    88	0.6478	     0
0.0649	    81	0.6486	     0
0.0649	    82	0.6495	     0
0.0650	    92	0.6503	     0
0.0651	    74	0.6511	     0
0.0652	    95	0.6520	     0
0.0653	   104	0.6528	     0
0.0654	    93	0.6536	     0
0.0654	    81	0.6544	     0
0.0655	   101	0.6553	     0
0.0656	   102	0.6561	     0
0.0657	    88	0.6569	     0
0.0658	    77	0.6578	     0
0.0659	    90	0.6586	     0
0.0659	    98	0.6594	     0
0.0660	   105	0.6603	     0
0.0661	    81	0.6611	     0
0.0662	    74	0.6619	     0
0.0663	   102	0.6627	     0
0.0664	    92	0.6636	     0
0.0664	    92	0.6644	     0
0.0665	    92	0.6652	     0
0.0666	    88	0.6661	     0
0.0667	   102	0.6669	     0
0.0668	    88	0.6677	     0
0.0669	    92	0.6686	     0
0.0669	   104	0.6694	     0
0.0670	    95	0.6702	     0
0.0671	   109	0.6710	     0
0.0672	    88	0.6719	     0
0.0673	    71	0.6727	     0
0.0674	    94	0.6735	     0
0.0674	    83	0.6744	     0
0.0675	    88	0.6752	     0
0.0676	    92	0.6760	     0
0.0677	    93	0.6769	     0
0.0678	    98	0.6777	     0
0.0679	   101	0.6785	     0
0.0679	    70	0.6793	     0
0.0680	    93	0.6802	     0
0.0681	    90	0.6810	     0
0.0682	    84	0.6818	     0
0.0683	    82	0.6827	     0
0.0683	   113	0.6835	     0
0.0684	    94	0.6843	     0
0.0685	    85	0.6852	     0
0.0686	    73	0.6860	     0
0.0687	    95	0.6868	     0
0.0688	    97	0.6876	     0
0.0688	    82	0.6885	     0
0.0689	    79	0.6893	     0
0.0690	    90	0.6901	     0
0.0691	    98	0.6910	     0
0.0692	    80	0.6918	     0
0.0693	    94	0.6926	     0
0.0693	    75	0.6935	     0
0.0694	    85	0.6943	     0
0.0695	    87	0.6951	     0
0.0696	    84	0.6959	     0
0.0697	    87	0.6968	     0
0.0698	    97	0.6976	     0
0.0698	    94	0.6984	     0
0.0699	    87	0.6993	     0
0.0700	   105	0.7001	     0
0.0701	    80	0.7009	     0
0.0702	    89	0.7018	     0
0.0703	    83	0.7026	     0
0.0703	    81	0.7034	     0
0.0704	   102	0.7042	     0
0.0705	   104	0.7051	     0
0.0706	   102	0.7059	     0
0.0707	   118	0.7067	     0
0.0708	    84	0.7076	     0
0.0708	    82	0.7084	     0
0.0709	    75	0.7092	     0
0.0710	    95	0.7101	     0
0.0711	    96	0.7109	     0
0.0712	    96	0.7117	     0
0.0713	    78	0.7125	     0
0.0713	    76	0.7134	     0
0.0714	    90	0.7142	     0
0.0715	    92	0.7150	     0
0.0716	   110	0.7159	     0
0.0717	    77	0.7167	     0
0.0718	    75	0.7175	     0
0.0718	    70	0.7184	     0
0.0719	    96	0.7192	     0
0.0720	    75	0.7200	     0
0.0721	    83	0.7208	     0
0.0722	    82	0.7217	     0
0.0723	    79	0.7225	     0
0.0723	    70	0.7233	     0
0.0724	    88	0.7242	     0
0.0725	    73	0.7250	     0
0.0726	    76	0.7258	     0
0.0727	   100	0.7267	     0
0.0727	    99	0.7275	     0
0.0728	    97	0.7283	     0
0.0729	    91	0.7292	     0
0.0730	    81	0.7300	     0
0.0731	    92	0.7308	     0
0.0732	    88	0.7316	     0
0.0732	    78	0.7325	     0
0.0733	    93	0.7333	     0
0.0734	    89	0.7341	     0
0.0735	    91	0.7350	     0
0.0736	    91	0.7358	     0
0.0737	    74	0.7366	     0
0.0737	    84	0.7375	     0
0.0738	    98	0.7383	     0
0.0739	   106	0.7391	     0
0.0740	    76	0.7399	     0
0.0741	   103	0.7408	     0
0.0742	    83	0.7416	     0
0.0742	    89	0.7424	     0
0.0743	    94	0.7433	     0
0.0744	    78	0.7441	     0
0.0745	    70	0.7449	     0
0.0746	    91	0.7458	     0
0.0747	    84	0.7466	     0
0.0747	    92	0.7474	     0
0.0748	    97	0.7482	     0
0.0749	    78	0.7491	     0
0.0750	    91	0.7499	     0
0.0751	    89	0.7507	     0
0.0752	    72	0.7516	     0
0.0752	    86	0.7524	     0
0.0753	    80	0.7532	     0
0.0754	    96	0.7541	     0
0.0755	    86	0.7549	     0
0.0756	   104	0.7557	     0
0.0757	    92	0.7565	     0
0.0757	    90	0.7574	     0
0.0758	    88	0.7582	     0
0.0759	    87	0.7590	     0
0.0760	    93	0.7599	     0
0.0761	    91	0.7607	     0
0.0762	    98	0.7615	     0
0.0762	    96	0.7624	     0
0.0763	    77	0.7632	     0
0.0764	    88	0.7640	     0
0.0765	    90	0.7648	     0
0.0766	    75	0.7657	     0
0.0767	    96	0.7665	     0
0.0767	    72	0.7673	     0
0.0768	    75	0.7682	     0
0.0769	    75	0.7690	     0
0.0770	    93	0.7698	     0
0.0771	    88	0.7707	     0
0.0771	    79	0.7715	     0
0.0772	    86	0.7723	     0
0.0773	    76	0.7731	     0
0.0774	    82	0.7740	     0
0.0775	    97	0.7748	     0
0.0776	    77	0.7756	     0
0.0776	    65	0.7765	     0
0.0777	    77	0.7773	     0
0.0778	    78	0.7781	     0
0.0779	    93	0.7790	     0
0.0780	    84	0.7798	     0
0.0781	    76	0.7806	     0
0.0781	    91	0.7814	     0
0.0782	    99	0.7823	     0
0.0783	    91	0.7831	     0
0.0784	    93	0.7839	     0
0.0785	    83	0.7848	     0
0.0786	    86	0.7856	     0
0.0786	    84	0.7864	     0
0.0787	    64	0.7873	     0
0.0788	    81	0.7881	     0
0.0789	    79	0.7889	     0
0.0790	    84	0.7897	     0
0.0791	    88	0.7906	     0
0.0791	    88	0.7914	     0
0.0792	    91	0.7922	     0
0.0793	    91	0.7931	     0
0.0794	    82	0.7939	     0
0.0795	    77	0.7947	     0
0.0796	    89	0.7956	     0
0.0796	    93	0.7964	     0
0.0797	    83	0.7972	     0
0.0798	    90	0.7980	     0
0.0799	    69	0.7989	     0
0.0800	    82	0.7997	     0
0.0801	    89	0.8005	     0
0.0801	    84	0.8014	     0
0.0802	    81	0.8022	     0
0.0803	   107	0.8030	     0
0.0804	    85	0.8039	     0
0.0805	    79	0.8047	     0
0.0806	    93	0.8055	     0
0.0806	   104	0.8063	     0
0.0807	    86	0.8072	     0
0.0808	    94	0.8080	     0
0.0809	    78	0.8088	     0
0.0810	    72	0.8097	     0
0.0810	    81	0.8105	     0
0.0811	    87	0.8113	     0
0.0812	    81	0.8122	     0
0.0813	    88	0.8130	     0
0.0814	    74	0.8138	     0
0.0815	    81	0.8146	     0
0.0815	   102	0.8155	     0
0.0816	    84	0.8163	     0
0.0817	    76	0.8171	     0
0.0818	    96	0.8180	     0
0.0819	    83	0.8188	     0
0.0820	    87	0.8196	     0
0.0820	    80	0.8205	     0
0.0821	    91	0.8213	     0
0.0822	    91	0.8221	     0
0.0823	    93	0.8229	     0
0.0824	    93	0.8238	     0
0.0825	    78	0.8246	     0
0.0825	    71	0.8254	     0
0.0826	    83	0.8263	     0
0.0827	    92	0.8271	     0
0.0828	    97	0.8279	     0
0.0829	    78	0.8288	     0
0.0830	    83	0.8296	     0
0.0830	    80	0.8304	     0
0.0831	    72	0.8313	     0
0.0832	    94	0.8321	     0
0.0833	    95	0.8329	     0
0.0834	    80	0.8337	     0
0.0835	    97	0.8346	     0
0.0835	    81	0.8354	     0
0.0836	    80	0.8362	     0
0.0837	    87	0.8371	     0
0.0838	    76	0.8379	     0
0.0839	    81	0.8387	     0
0.0840	   109	0.8396	     0
0.0840	    83	0.8404	     0
0.0841	    86	0.8412	     0
0.0842	    74	0.8420	     0
0.0843	    91	0.8429	     0
0.0844	    83	0.8437	     0
0.0845	    84	0.8445	     0
0.0845	    72	0.8454	     0
0.0846	   100	0.8462	     0
0.0847	    88	0.8470	     0
0.0848	    71	0.8479	     0
0.0849	    76	0.8487	     0
0.0850	    93	0.8495	     0
0.0850	    86	0.8503	     0
0.0851	    82	0.8512	     0
0.0852	    78	0.8520	     0
0.0853	    76	0.8528	     0
0.0854	    81	0.8537	     0
0.0854	    88	0.8545	     0
0.0855	    89	0.8553	     0
0.0856	    88	0.8562	     0
0.0857	    86	0.8570	     0
0.0858	    67	0.8578	     0
0.0859	    86	0.8586	     0
0.0859	    73	0.8595	     0
0.0860	    74	0.8603	     0
0.0861	   105	0.8611	     0
0.0862	    73	0.8620	     0
0.0863	    91	0.8628	     0
0.0864	   100	0.8636	     0
0.0864	    82	0.8645	     0
0.0865	    80	0.8653	     0
0.0866	    76	0.8661	     0
0.0867	    83	0.8669	     0
0.0868	    90	0.8678	     0
0.0869	    87	0.8686	     0
0.0869	    72	0.8694	     0
0.0870	    90	0.8703	     0
0.0871	    91	0.8711	     0
0.0872	    92	0.8719	     0
0.0873	    92	0.8728	     0
0.0874	    90	0.8736	     0
0.0874	    88	0.8744	     0
0.0875	    93	0.8752	     0
0.0876	    81	0.8761	     0
0.0877	    77	0.8769	     0
0.0878	    87	0.8777	     0
0.0879	    69	0.8786	     0
0.0879	    91	0.8794	     0
0.0880	    77	0.8802	     0
0.0881	    92	0.8811	     0
0.0882	    73	0.8819	     0
0.0883	    97	0.8827	     0
0.0884	    76	0.8835	     0
0.0884	    77	0.8844	     0
0.0885	    94	0.8852	     0
0.0886	    78	0.8860	     0
0.0887	    82	0.8869	     0
0.0888	    92	0.8877	     0
0.0889	   100	0.8885	     0
0.0889	    90	0.8894	     0
0.0890	    95	0.8902	     0
0.0891	    78	0.8910	     0
0.0892	   103	0.8918	     0
0.0893	   102	0.8927	     0
0.0894	    87	0.8935	     0
0.0894	   102	0.8943	     0
0.0895	    94	0.8952	     0
0.0896	    91	0.8960	     0
0.0897	    70	0.8968	     0
0.0898	    82	0.8977	     0
0.0898	    82	0.8985	     0
0.0899	    94	0.8993	     0
0.0900	    84	0.9001	     0
0.0901	    90	0.9010	     0
0.0902	    85	0.9018	     0
0.0903	    75	0.9026	     0
0.0903	   104	0.9035	     0
0.0904	    99	0.9043	     0
0.0905	    87	0.9051	     0
0.0906	    82	0.9060	     0
0.0907	   100	0.9068	     0
0.0908	    95	0.9076	     0
0.0908	    76	0.9084	     0
0.0909	    87	0.9093	     0
0.0910	    88	0.9101	     0
0.0911	    80	0.9109	     0
0.0912	    82	0.9118	     0
0.0913	    70	0.9126	     0
0.0913	   100	0.9134	     0
0.0914	    70	0.9143	     0
0.0915	    86	0.9151	     0
0.0916	    91	0.9159	     0
0.0917	    90	0.9167	     0
0.0918	    83	0.9176	     0
0.0918	    86	0.9184	     0
0.0919	    73	0.9192	     0
0.0920	    70	0.9201	     0
0.0921	    88	0.9209	     0
0.0922	    82	0.9217	     0
0.0923	   103	0.9226	     0
0.0923	    88	0.9234	     0
0.0924	    89	0.9242	     0
0.0925	    80	0.9250	     0
0.0926	    87	0.9259	     0
0.0927	    75	0.9267	     0
0.0928	    90	0.9275	     0
0.0928	    86	0.9284	     0
0.0929	    87	0.9292	     0
0.0930	    85	0.9300	     0
0.0931	    99	0.9309	     0
0.0932	   102	0.9317	     0
0.0933	    93	0.9325	     0
0.0933	    91	0.9333	     0
0.0934	    81	0.9342	     0
0.0935	    82	0.9350	     0
0.0936	    78	0.9358	     0
0.0937	    94	0.9367	     0
0.0938	    95	0.9375	     0
0.0938	    81	0.9383	     0
0.0939	    89	0.9392	     0
0.0940	    82	0.9400	     0
0.0941	    89	0.9408	     0
0.0942	    67	0.9417	     0
0.0942	    98	0.9425	     0
0.0943	    86	0.9433	     0
0.0944	    99	0.9441	     0
0.0945	    94	0.9450	     0
0.0946	    90	0.9458	     0
0.0947	    98	0.9466	     0
0.0947	    85	0.9475	     0
0.0948	   103	0.9483	     0
0.0949	    99	0.9491	     0
0.0950	    87	0.9500	     0
0.0951	    96	0.9508	     0
0.0952	    78	0.9516	     0
0.0952	    81	0.9524	     0
0.0953	    73	0.9533	     0
0.0954	    84	0.9541	     0
0.0955	    95	0.9549	     0
0.0956	    80	0.9558	     0
0.0957	    86	0.9566	     0
0.0957	   100	0.9574	     0
0.0958	    93	0.9583	     0
0.0959	    87	0.9591	     0
0.0960	    89	0.9599	     0
0.0961	    88	0.9607	     0
0.0962	    78	0.9616	     0
0.0962	    87	0.9624	     0
0.0963	    92	0.9632	     0
0.0964	    94	0.9641	     0
0.0965	   103	0.9649	     0
0.0966	    93	0.9657	     0
0.0967	    91	0.9666	     0
0.0967	    81	0.9674	     0
0.0968	    89	0.9682	     0
0.0969	    81	0.9690	     0
0.0970	   102	0.9699	     0
0.0971	   101	0.9707	     0
0.0972	    77	0.9715	     0
0.0972	    70	0.9724	     0
0.0973	    91	0.9732	     0
0.0974	    97	0.9740	     0
0.0975	    98	0.9749	     0
0.0976	    90	0.9757	     0
0.0977	    92	0.9765	     0
0.0977	    91	0.9773	     0
0.0978	    97	0.9782	     0
0.0979	    74	0.9790	     0
0.0980	    81	0.9798	     0
0.0981	   118	0.9807	     0
0.0981	    83	0.9815	     0
0.0982	   100	0.9823	     0
0.0983	    99	0.9832	     0
0.0984	   108	0.9840	     0
0.0985	    98	0.9848	     0
0.0986	    74	0.9856	     0
0.0986	    75	0.9865	     0
0.0987	    66	0.9873	     0
0.0988	    84	0.9881	     0
0.0989	    85	0.9890	     0
0.0990	    86	0.9898	     0
0.0991	    84	0.9906	     0
0.0991	    90	0.9915	     0
0.0992	    80	0.9923	     0
0.0993	    99	0.9931	     0
0.0994	    86	0.9939	     0
0.0995	    80	0.9948	     0
0.0996	    70	0.9956	     0
0.0996	    80	0.9964	     0
0.0997	    85	0.9973	     0
0.0998	    86	0.9981	     0
0.0999	    81	0.9989	     0
0.1000	    90	0.9998	     0
0.1001	    93	1.0006	     0
0.1001	    91	1.0014	     0
0.1002	    94	1.0022	     0
0.1003	    78	1.0031	     0
0.1004	   102	1.0039	     0
0.1005	    85	1.0047	     0
0.1006	    91	1.0056	     0
0.1006	    93	1.0064	     0
0.1007	    86	1.0072	     0
0.1008	    94	1.0081	     0
0.1009	    71	1.0089	     0
0.1010	   103	1.0097	     0
0.1011	    90	1.0105	     0
0.1011	    78	1.0114	     0
0.1012	    89	1.0122	     0
0.1013	    79	1.0130	     0
0.1014	   100	1.0139	     0
0.1015	    79	1.0147	     0
0.1016	    68	1.0155	     0
0.1016	    76	1.0164	     0
0.1017	    64	1.0172	     0
0.1018	    91	1.0180	     0
0.1019	    88	1.0188	     0
0.1020	    65	1.0197	     0
0.1021	    84	1.0205	     0
0.1021	    61	1.0213	     0
0.1022	    78	1.0222	     0
0.1023	    77	1.0230	     0
0.1024	    75	1.0238	     0
0.1025	    75	1.0247	     0
0.1025	    79	1.0255	     0
0.1026	    95	1.0263	     0
0.1027	    79	1.0271	     0
0.1028	    84	1.0280	     0
0.1029	    64	1.0288	     0
0.1030	    64	1.0296	     0
0.1030	    81	1.0305	     0
0.1031	    64	1.0313	     0
0.1032	    76	1.0321	     0
0.1033	    59	1.0330	     0
0.1034	    79	1.0338	     0
0.1035	    80	1.0346	     0
0.1035	    62	1.0354	     0
0.1036	    73	1.0363	     0
0.1037	    84	1.0371	     0
0.1038	    73	1.0379	     0
0.1039	    67	1.0388	     0
0.1040	    58	1.0396	     0
0.1040	    74	1.0404	     0
0.1041	    77	1.0413	     0
0.1042	    76	1.0421	     0
0.1043	    65	1.0429	     0
0.1044	    85	1.0438	     0
0.1045	    67	1.0446	     0
0.1045	    72	1.0454	     0
0.1046	    71	1.0462	     0
0.1047	    61	1.0471	     0
0.1048	    69	1.0479	     0
0.1049	    61	1.0487	     0
0.1050	    69	1.0496	     0
0.1050	    73	1.0504	     0
0.1051	    72	1.0512	     0
0.1052	    52	1.0521	     0
0.1053	    66	1.0529	     0
0.1054	    56	1.0537	     0
0.1055	    61	1.0545	     0
0.1055	    47	1.0554	     0
0.1056	    65	1.0562	     0
0.1057	    69	1.0570	     0
0.1058	    59	1.0579	     0
0.1059	    69	1.0587	     0
0.1060	    69	1.0595	     0
0.1060	    60	1.0604	     0
0.1061	    56	1.0612	     0
0.1062	    66	1.0620	     0
0.1063	    69	1.0628	     0
0.1064	    71	1.0637	     0
0.1065	    63	1.0645	     0
0.1065	    48	1.0653	     0
0.1066	    52	1.0662	     0
0.1067	    62	1.0670	     0
0.1068	    50	1.0678	     0
0.1069	    45	1.0687	     0
0.1069	    62	1.0695	     0
0.1070	    54	1.0703	     0
0.1071	    57	1.0711	     0
0.1072	    56	1.0720	     0
0.1073	    51	1.0728	     0
0.1074	    48	1.0736	     0
0.1074	    51	1.0745	     0
0.1075	    59	1.0753	     0
0.1076	    50	1.0761	     0
0.1077	    37	1.0770	     0
0.1078	    39	1.0778	     0
0.1079	    45	1.0786	     0
0.1079	    55	1.0794	     0
0.1080	    60	1.0803	     0
0.1081	    52	1.0811	     0
0.1082	    41	1.0819	     0
0.1083	    50	1.0828	     0
0.1084	    55	1.0836	     0
0.1084	    57	1.0844	     0
0.1085	    49	1.0853	     0
0.1086	    54	1.0861	     0
0.1087	    48	1.0869	     0
0.1088	    47	1.0877	     0
0.1089	    54	1.0886	     0
0.1089	    62	1.0894	     0
0.1090	    40	1.0902	     0
0.1091	    39	1.0911	     0
0.1092	    40	1.0919	     0
0.1093	    49	1.0927	     0
0.1094	    52	1.0936	     0
0.1094	    50	1.0944	     0
0.1095	    49	1.0952	     0
0.1096	    57	1.0960	     0
0.1097	    40	1.0969	     0
0.1098	    46	1.0977	     0
0.1099	    43	1.0985	     0
0.1099	    45	1.0994	     0
0.1100	    40	1.1002	     0
0.1101	    42	1.1010	     0
0.1102	    62	1.1019	     0
0.1103	    60	1.1027	     0
0.1104	    51	1.1035	     0
0.1104	    44	1.1043	     0
0.1105	    52	1.1052	     0
0.1106	    48	1.1060	     0
0.1107	    42	1.1068	     0
0.1108	    56	1.1077	     0
0.1108	    49	1.1085	     0
0.1109	    53	1.1093	     0
0.1110	    43	1.1102	     0
0.1111	    42	1.1110	     0
0.1112	    40	1.1118	     0
0.1113	    38	1.1126	     0
0.1113	    40	1.1135	     0
0.1114	    45	1.1143	     0
0.1115	    44	1.1151	     0
0.1116	    45	1.1160	     0
0.1117	    40	1.1168	     0
0.1118	    41	1.1176	     0
0.1118	    36	1.1185	     0
0.1119	    37	1.1193	     0
0.1120	    38	1.1201	     0
0.1121	    44	1.1209	     0
0.1122	    49	1.1218	     0
0.1123	    43	1.1226	     0
0.1123	    41	1.1234	     0
0.1124	    48	1.1243	     0
0.1125	    48	1.1251	     0
0.1126	    52	1.1259	     0
0.1127	    43	1.1268	     0
0.1128	    50	1.1276	     0
0.1128	    36	1.1284	     0
0.1129	    40	1.1292	     0
0.1130	    49	1.1301	     0
0.1131	    49	1.1309	     0
0.1132	    54	1.1317	     0
0.1133	    36	1.1326	     0
0.1133	    47	1.1334	     0
0.1134	    45	1.1342	     0
0.1135	    44	1.1351	     0
0.1136	    37	1.1359	     0
0.1137	    44	1.1367	     0
0.1138	    35	1.1375	     0
0.1138	    46	1.1384	     0
0.1139	    36	1.1392	     0
0.1140	    46	1.1400	     0
0.1141	    37	1.1409	     0
0.1142	    37	1.1417	     0
0.1143	    56	1.1425	     0
0.1143	    38	1.1434	     0
0.1144	    50	1.1442	     0
0.1145	    46	1.1450	     0
0.1146	    42	1.1458	     0
0.1147	    41	1.1467	     0
0.1148	    58	1.1475	     0
0.1148	    37	1.1483	     0
0.1149	    45	1.1492	     0
0.1150	    41	1.1500	     0
0.1151	    56	1.1508	     0
0.1152	    40	1.1517	     0
0.1152	    51	1.1525	     0
0.1153	    49	1.1533	     0
0.1154	    45	1.1542	     0
0.1155	    47	1.1550	     0
0.1156	    39	1.1558	     0
0.1157	    47	1.1566	     0
0.1157	    41	1.1575	     0
0.1158	    58	1.1583	     0
0.1159	    43	1.1591	     0
0.1160	    48	1.1600	     0
0.1161	    56	1.1608	     0
0.1162	    36	1.1616	     0
0.1162	    39	1.1625	     0
0.1163	    40	1.1633	     0
0.1164	    41	1.1641	     0
0.1165	    49	1.1649	     0
0.1166	    38	1.1658	     0
0.1167	    38	1.1666	     0
0.1167	    44	1.1674	     0
0.1168	    38	1.1683	     0
0.1169	    30	1.1691	     0
0.1170	    41	1.1699	     0
0.1171	    41	1.1708	     0
0.1172	    50	1.1716	     0
0.1172	    47	1.1724	     0
0.1173	    33	1.1732	     0
0.1174	    47	1.1741	     0
0.1175	    49	1.1749	     0
0.1176	    38	1.1757	     0
0.1177	    30	1.1766	     0
0.1177	    39	1.1774	     0
0.1178	    52	1.1782	     0
0.1179	    34	1.1791	     0
0.1180	    45	1.1799	     0
0.1181	    42	1.1807	     0
0.1182	    54	1.1815	     0
0.1182	    41	1.1824	     0
0.1183	    48	1.1832	     0
0.1184	    39	1.1840	     0
0.1185	    45	1.1849	     0
0.1186	    46	1.1857	     0
0.1187	    50	1.1865	     0
0.1187	    50	1.1874	     0
0.1188	    50	1.1882	     0
0.1189	    41	1.1890	     0
0.1190	    51	1.1898	     0
0.1191	    46	1.1907	     0
0.1192	    42	1.1915	     0
0.1192	    44	1.1923	     0
0.1193	    41	1.1932	     0
0.1194	    38	1.1940	     0
0.1195	    44	1.1948	     0
0.1196	    45	1.1957	     0
0.1196	    50	1.1965	     0
0.1197	    45	1.1973	     0
0.1198	    35	1.1981	     0
0.1199	    54	1.1990	     0
0.1200	    49	1.1998	     0
0.1201	    38	1.2006	     0
0.1201	    42	1.2015	     0
0.1202	    43	1.2023	     0
0.1203	    47	1.2031	     0
0.1204	    39	1.2040	     0
0.1205	    48	1.2048	     0
0.1206	    51	1.2056	     0
0.1206	    46	1.2064	     0
0.1207	    45	1.2073	     0
0.1208	    40	1.2081	     0
0.1209	    57	1.2089	     0
0.1210	    38	1.2098	     0
0.1211	    49	1.2106	     0
0.1211	    59	1.2114	     0
0.1212	    46	1.2123	     0
0.1213	    31	1.2131	     0
0.1214	    46	1.2139	     0
0.1215	    49	1.2147	     0
0.1216	    51	1.2156	     0
0.1216	    39	1.2164	     0
0.1217	    36	1.2172	     0
0.1218	    40	1.2181	     0
0.1219	    40	1.2189	     0
0.1220	    42	1.2197	     0
0.1221	    47	1.2206	     0
0.1221	    34	1.2214	     0
0.1222	    46	1.2222	     0
0.1223	    36	1.2230	     0
0.1224	    34	1.2239	     0
0.1225	    40	1.2247	     0
0.1226	    31	1.2255	     0
0.1226	    39	1.2264	     0
0.1227	    51	1.2272	     0
0.1228	    48	1.2280	     0
0.1229	    50	1.2289	     0
0.1230	    41	1.2297	     0
0.1231	    43	1.2305	     0
0.1231	    37	1.2313	     0
0.1232	    34	1.2322	     0
0.1233	    45	1.2330	     0
0.1234	    42	1.2338	     0
0.1235	    50	1.2347	     0
0.1235	    45	1.2355	     0
0.1236	    33	1.2363	     0
0.1237	    56	1.2372	     0
0.1238	    52	1.2380	     0
0.1239	    53	1.2388	     0
0.1240	    60	1.2396	     0
0.1240	    47	1.2405	     0
0.1241	    47	1.2413	     0
0.1242	    43	1.2421	     0
0.1243	    50	1.2430	     0
0.1244	    41	1.2438	     0
0.1245	    37	1.2446	     0
0.1245	    42	1.2455	     0
0.1246	    39	1.2463	     0
0.1247	    32	1.2471	     0
0.1248	    48	1.2479	     0
0.1249	    51	1.2488	     0
0.1250	    50	1.2496	     0
0.1250	    53	1.2504	     0
0.1251	    48	1.2513	     0
0.1252	    49	1.2521	     0
0.1253	    47	1.2529	     0
0.1254	    36	1.2538	     0
0.1255	    56	1.2546	     0
0.1255	    53	1.2554	     0
0.1256	    45	1.2562	     0
0.1257	    53	1.2571	     0
0.1258	    45	1.2579	     0
0.1259	    42	1.2587	     0
0.1260	    50	1.2596	     0
0.1260	    43	1.2604	     0
0.1261	    47	1.2612	     0
0.1262	    25	1.2621	     0
0.1263	    60	1.2629	     0
0.1264	    51	1.2637	     0
0.1265	    57	1.2646	     0
0.1265	    35	1.2654	     0
0.1266	    45	1.2662	     0
0.1267	    57	1.2670	     0
0.1268	    44	1.2679	     0
0.1269	    54	1.2687	     0
0.1270	    42	1.2695	     0
0.1270	    46	1.2704	     0
0.1271	    54	1.2712	     0
0.1272	    45	1.2720	     0
0.1273	    36	1.2729	     0
0.1274	    48	1.2737	     0
0.1275	    40	1.2745	     0
0.1275	    40	1.2753	     0
0.1276	    57	1.2762	     0
0.1277	    63	1.2770	     0
0.1278	    54	1.2778	     0
0.1279	    51	1.2787	     0
0.1279	    58	1.2795	     0
0.1280	    52	1.2803	     0
0.1281	    44	1.2812	     0
0.1282	    57	1.2820	     0
0.1283	    40	1.2828	     0
0.1284	    58	1.2836	     0
0.1284	    57	1.2845	     0
0.1285	    50	1.2853	     0
0.1286	    55	1.2861	     0
0.1287	    52	1.2870	     0
0.1288	    56	1.2878	     0
0.1289	    54	1.2886	     0
0.1289	    45	1.2895	     0
0.1290	    48	1.2903	     0
0.1291	    44	1.2911	     0
0.1292	    49	1.2919	     0
0.1293	    40	1.2928	     0
0.1294	    47	1.2936	     0
0.1294	    42	1.2944	     0
0.1295	    46	1.2953	     0
0.1296	    48	1.2961	     0
0.1297	    46	1.2969	     0
0.1298	    61	1.2978	     0
0.1299	    56	1.2986	     0
0.1299	    43	1.2994	     0
0.1300	    53	1.3002	     0
0.1301	    51	1.3011	     0
0.1302	    47	1.3019	     0
0.1303	    47	1.3027	     0
0.1304	    48	1.3036	     0
0.1304	    43	1.3044	     0
0.1305	    49	1.3052	     0
0.1306	    56	1.3061	     0
0.1307	    37	1.3069	     0
0.1308	    49	1.3077	     0
0.1309	    48	1.3085	     0
0.1309	    43	1.3094	     0
0.1310	    57	1.3102	     0
0.1311	    57	1.3110	     0
0.1312	    62	1.3119	     0
0.1313	    58	1.3127	     0
0.1314	    59	1.3135	     0
0.1314	    52	1.3144	     0
0.1315	    47	1.3152	     0
0.1316	    51	1.3160	     0
0.1317	    68	1.3168	     0
0.1318	    48	1.3177	     0
0.1319	    58	1.3185	     0
0.1319	    66	1.3193	     0
0.1320	    70	1.3202	     0
0.1321	    59	1.3210	     0
0.1322	    47	1.3218	     0
0.1323	    61	1.3227	     0
0.1323	    48	1.3235	     0
0.1324	    50	1.3243	     0
0.1325	    53	1.3251	     0
0.1326	    55	1.3260	     0
0.1327	    42	1.3268	     0
0.1328	    64	1.3276	     0
0.1328	    54	1.3285	     0
0.1329	    45	1.3293	     0
0.1330	    57	1.3301	     0
0.1331	    67	1.3310	     0
0.1332	    56	1.3318	     0
0.1333	    55	1.3326	     0
0.1333	    58	1.3334	     0
0.1334	    57	1.3343	     0
0.1335	    55	1.3351	     0
0.1336	    41	1.3359	     0
0.1337	    70	1.3368	     0
0.1338	    56	1.3376	     0
0.1338	    69	1.3384	     0
0.1339	    49	1.3393	     0
0.1340	    60	1.3401	     0
0.1341	    60	1.3409	     0
0.1342	    66	1.3417	     0
0.1343	    66	1.3426	     0
0.1343	    57	1.3434	     0
0.1344	    61	1.3442	     0
0.1345	    70	1.3451	     0
0.1346	    47	1.3459	     0
0.1347	    68	1.3467	     0
0.1348	    61	1.3476	     0
0.1348	    57	1.3484	     0
0.1349	    67	1.3492	     0
0.1350	    61	1.3500	     0
0.1351	    66	1.3509	     0
0.1352	    52	1.3517	     0
0.1353	    63	1.3525	     0
0.1353	    74	1.3534	     0
0.1354	    68	1.3542	     0
0.1355	    86	1.3550	     0
0.1356	    68	1.3559	     0
0.1357	    65	1.3567	     0
0.1358	    69	1.3575	     0
0.1358	    89	1.3583	     0
0.1359	    78	1.3592	     0
0.1360	    80	1.3600	     0
0.1361	    74	1.3608	     0
0.1362	    73	1.3617	     0
0.1363	    84	1.3625	     0
0.1363	    83	1.3633	     0
0.1364	    76	1.3642	     0
0.1365	    94	1.3650	     0
0.1366	   100	1.3658	     0
0.1367	    89	1.3667	     0
0.1367	    77	1.3675	     0
0.1368	    93	1.3683	     0
0.1369	   101	1.3691	     0
0.1370	    80	1.3700	     0
0.1371	   109	1.3708	     0
0.1372	   106	1.3716	     0
0.1372	    88	1.3725	     0
0.1373	   100	1.3733	     0
0.1374	   111	1.3741	     0
0.1375	   107	1.3750	     0
0.1376	   116	1.3758	     0
0.1377	    90	1.3766	     0
0.1377	   103	1.3774	     0
0.1378	   120	1.3783	     0
0.1379	   118	1.3791	     0
0.1380	   128	1.3799	     0
0.1381	   122	1.3808	     0
0.1382	   144	1.3816	     0
0.1382	   116	1.3824	     0
0.1383	   132	1.3833	     0
0.1384	   140	1.3841	     0
0.1385	   154	1.3849	     0
0.1386	   142	1.3857	     0
0.1387	   147	1.3866	     0
0.1387	   168	1.3874	     0
0.1388	   163	1.3882	     0
0.1389	   165	1.3891	     0
0.1390	   157	1.3899	     0
0.1391	   173	1.3907	     0
0.1392	   174	1.3916	     0
0.1392	   175	1.3924	     0
0.1393	   193	1.3932	     0
0.1394	   196	1.3940	     0
0.1395	   192	1.3949	     0
0.1396	   215	1.3957	     0
0.1397	   202	1.3965	     0
0.1397	   231	1.3974	     0
0.1398	   226	1.3982	     0
0.1399	   231	1.3990	     0
0.1400	   240	1.3999	     0
0.1401	   234	1.4007	     0
0.1402	   227	1.4015	     0
0.1402	   250	1.4023	     0
0.1403	   248	1.4032	     0
0.1404	   241	1.4040	     0
0.1405	   274	1.4048	     0
0.1406	   274	1.4057	     0
0.1406	   247	1.4065	     0
0.1407	   303	1.4073	     0
0.1408	   305	1.4082	     0
0.1409	   295	1.4090	     0
0.1410	   338	1.4098	     0
0.1411	   310	1.4106	     0
0.1411	   304	1.4115	     0
0.1412	   364	1.4123	     0
0.1413	   320	1.4131	     0
0.1414	   341	1.4140	     0
0.1415	   330	1.4148	     0
0.1416	   354	1.4156	     0
0.1416	   365	1.4165	     0
0.1417	   376	1.4173	     0
0.1418	   382	1.4181	     0
0.1419	   384	1.4189	     0
0.1420	   399	1.4198	     0
0.1421	   400	1.4206	     0
0.1421	   438	1.4214	     0
0.1422	   428	1.4223	     0
0.1423	   490	1.4231	     0
0.1424	   459	1.4239	     0
0.1425	   489	1.4248	     0
0.1426	   455	1.4256	     0
0.1426	   463	1.4264	     0
0.1427	   499	1.4272	     0
0.1428	   485	1.4281	     0
0.1429	   505	1.4289	     0
0.1430	   520	1.4297	     0
0.1431	   498	1.4306	     0
0.1431	   523	1.4314	     0
0.1432	   542	1.4322	     0
0.1433	   577	1.4331	     0
0.1434	   559	1.4339	     0
0.1435	   541	1.4347	     0
0.1436	   633	1.4355	     0
0.1436	   610	1.4364	     0
0.1437	   595	1.4372	     0
0.1438	   679	1.4380	     0
0.1439	   661	1.4389	     0
0.1440	   633	1.4397	     0
0.1441	   618	1.4405	     0
0.1441	   647	1.4414	     0
0.1442	   609	1.4422	     0
0.1443	   650	1.4430	     0
0.1444	   713	1.4438	     0
0.1445	   740	1.4447	     0
0.1446	   706	1.4455	     0
0.1446	   694	1.4463	     0
0.1447	   741	1.4472	     0
0.1448	   739	1.4480	     0
0.1449	   776	1.4488	     0
0.1450	   747	1.4497	     0
0.1450	   770	1.4505	     0
0.1451	   775	1.4513	     0
0.1452	   796	1.4521	     0
0.1453	   774	1.4530	     0
0.1454	   766	1.4538	     0
0.1455	   835	1.4546	     0
0.1455	   826	1.4555	     0
0.1456	   847	1.4563	     0
0.1457	   803	1.4571	     0
0.1458	   804	1.4580	     0
0.1459	   836	1.4588	     0
0.1460	   915	1.4596	     0
0.1460	   838	1.4604	     0
0.1461	   858	1.4613	     0
0.1462	   885	1.4621	     0
0.1463	   881	1.4629	     0
0.1464	   924	1.4638	     0
0.1465	   912	1.4646	     0
0.1465	   917	1.4654	     0
0.1466	   969	1.4663	     0
0.1467	   947	1.4671	     0
0.1468	   953	1.4679	     0
0.1469	   979	1.4688	     0
0.1470	   958	1.4696	     0
0.1470	   988	1.4704	     0
0.1471	   956	1.4712	     0
0.1472	  1040	1.4721	     0
0.1473	   985	1.4729	     0
0.1474	   985	1.4737	     0
0.1475	   933	1.4746	     0
0.1475	   989	1.4754	     0
0.1476	   956	1.4762	     0
0.1477	  1033	1.4771	     0
0.1478	   975	1.4779	     0
0.1479	   962	1.4787	     0
0.1480	  1046	1.4795	     0
0.1480	  1007	1.4804	     0
0.1481	   940	1.4812	     0
0.1482	   988	1.4820	     0
0.1483	   996	1.4829	     0
0.1484	  1013	1.4837	     0
0.1485	  1001	1.4845	     0
0.1485	  1018	1.4854	     0
0.1486	   994	1.4862	     0
0.1487	  1004	1.4870	     0
0.1488	  1059	1.4878	     0
0.1489	   972	1.4887	     0
0.1490	   966	1.4895	     0
0.1490	   973	1.4903	     0
0.1491	  1000	1.4912	     0
0.1492	  1031	1.4920	     0
0.1493	  1030	1.4928	     0
0.1494	   963	1.4937	     0
0.1494	   963	1.4945	     0
0.1495	   965	1.4953	     0
0.1496	   959	1.4961	     0
0.1497	   961	1.4970	     0
0.1498	   948	1.4978	     0
0.1499	   934	1.4986	     0
0.1499	   892	1.4995	     0
0.1500	   909	1.5003	     0
0.1501	   874	1.5011	     0
0.1502	   928	1.5020	     0
0.1503	   902	1.5028	     0
0.1504	   869	1.5036	     0
0.1504	   859	1.5044	     0
0.1505	   837	1.5053	     0
0.1506	   832	1.5061	     0
0.1507	   879	1.5069	     0
0.1508	   829	1.5078	     0
0.1509	   824	1.5086	     0
0.1509	   782	1.5094	     0
0.1510	   861	1.5103	     0
0.1511	   811	1.5111	     0
0.1512	   808	1.5119	     0
0.1513	   738	1.5127	     0
0.1514	   830	1.5136	     0
0.1514	   699	1.5144	     0
0.1515	   776	1.5152	     0
0.1516	   703	1.5161	     0
0.1517	   720	1.5169	     0
0.1518	   739	1.5177	     0
0.1519	   754	1.5186	     0
0.1519	   686	1.5194	     0
0.1520	   693	1.5202	     0
0.1521	   662	1.5210	     0
0.1522	   647	1.5219	     0
0.1523	   611	1.5227	     0
0.1524	   641	1.5235	     0
0.1524	   654	1.5244	     0
0.1525	   581	1.5252	     0
0.1526	   610	1.5260	     0
0.1527	   602	1.5269	     0
0.1528	   534	1.5277	     0
0.1529	   577	1.5285	     0
0.1529	   545	1.5293	     0
0.1530	   549	1.5302	     0
0.1531	   541	1.5310	     0
0.1532	   523	1.5318	     0
0.1533	   510	1.5327	     0
0.1533	   466	1.5335	     0
0.1534	   494	1.5343	     0
0.1535	   453	1.5352	     0
0.1536	   481	1.5360	     0
0.1537	   427	1.5368	     0
0.1538	   411	1.5376	     0
0.1538	   436	1.5385	     0
0.1539	   394	1.5393	     0
0.1540	   399	1.5401	     0
0.1541	   387	1.5410	     0
0.1542	   353	1.5418	     0
0.1543	   421	1.5426	     0
0.1543	   356	1.5435	     0
0.1544	   345	1.5443	     0
0.1545	   343	1.5451	     0
0.1546	   323	1.5459	     0
0.1547	   310	1.5468	     0
0.1548	   318	1.5476	     0
0.1548	   287	1.5484	     0
0.1549	   294	1.5493	     0
0.1550	   275	1.5501	     0
0.1551	   281	1.5509	     0
0.1552	   283	1.5518	     0
0.1553	   243	1.5526	     0
0.1553	   236	1.5534	     0
0.1554	   235	1.5542	     0
0.1555	   246	1.5551	     0
0.1556	   198	1.5559	     0
0.1557	   207	1.5567	     0
0.1558	   201	1.5576	     0
0.1558	   188	1.5584	     0
0.1559	   181	1.5592	     0
0.1560	   195	1.5601	     0
0.1561	   184	1.5609	     0
0.1562	   212	1.5617	     0
0.1563	   167	1.5625	     0
0.1563	   178	1.5634	     0
0.1564	   179	1.5642	     0
0.1565	   156	1.5650	     0
0.1566	   150	1.5659	     0
0.1567	   158	1.5667	     0
0.1568	   127	1.5675	     0
0.1568	   132	1.5684	     0
0.1569	   133	1.5692	     0
0.1570	   125	1.5700	     0
0.1571	   120	1.5708	     0
0.1572	    98	1.5717	     0
0.1573	    96	1.5725	     0
0.1573	   108	1.5733	     0
0.1574	    97	1.5742	     0
0.1575	   100	1.5750	     0
0.1576	    89	1.5758	     0
0.1577	    80	1.5767	     0
0.1577	    91	1.5775	     0
0.1578	    82	1.5783	     0
0.1579	    78	1.5792	     0
0.1580	    69	1.5800	     0
0.1581	    79	1.5808	     0
0.1582	    75	1.5816	     0
0.1582	    68	1.5825	     0
0.1583	    71	1.5833	     0
0.1584	    47	1.5841	     0
0.1585	    54	1.5850	     0
0.1586	    53	1.5858	     0
0.1587	    45	1.5866	     0
0.1587	    35	1.5875	     0
0.1588	    42	1.5883	     0
0.1589	    47	1.5891	     0
0.1590	    46	1.5899	     0
0.1591	    34	1.5908	     0
0.1592	    29	1.5916	     0
0.1592	    31	1.5924	     0
0.1593	    31	1.5933	     0
0.1594	    26	1.5941	     0
0.1595	    22	1.5949	     0
0.1596	    21	1.5958	     0
0.1597	    29	1.5966	     0
0.1597	    35	1.5974	     0
0.1598	    20	1.5982	     0
0.1599	    29	1.5991	     0
0.1600	    20	1.5999	     0
0.1601	    24	1.6007	     0
0.1602	    24	1.6016	     0
0.1602	    10	1.6024	     0
0.1603	    13	1.6032	     0
0.1604	    15	1.6041	     0
0.1605	    20	1.6049	     0
0.1606	    17	1.6057	     0
0.1607	    16	1.6065	     0
0.1607	    13	1.6074	     0
0.1608	    17	1.6082	     0
0.1609	    18	1.6090	     0
0.1610	    15	1.6099	     0
0.1611	     6	1.6107	     0
0.1612	    13	1.6115	     0
0.1612	    15	1.6124	     0
0.1613	     9	1.6132	     0
0.1614	    14	1.6140	     0
0.1615	    10	1.6148	     0
0.1616	     5	1.6157	     0
0.1617	     9	1.6165	     0
0.1617	     4	1.6173	     0
0.1618	     9	1.6182	     0
0.1619	     5	1.6190	     0
0.1620	     7	1.6198	     0
0.1621	     3	1.6207	     0
0.1621	     4	1.6215	     0
0.1622	     6	1.6223	     0
0.1623	     7	1.6231	     0
0.1624	     6	1.6240	     0
0.1625	     4	1.6248	     0
0.1626	     4	1.6256	     0
0.1626	     5	1.6265	     0
0.1627	     3	1.6273	     0
0.1628	     5	1.6281	     0
0.1629	     3	1.6290	     0
0.1630	     4	1.6298	     0
0.1631	     5	1.6306	     0
0.1631	     6	1.6314	     0
0.1632	     1	1.6323	     0
0.1633	     8	1.6331	     0
0.1634	     7	1.6339	     0
0.1635	     2	1.6348	     0
0.1636	     5	1.6356	     0
0.1636	     3	1.6364	     0
0.1637	     2	1.6373	     0
0.1638	     3	1.6381	     0
0.1639	     4	1.6389	     0
0.1640	     6	1.6397	     0
0.1641	     3	1.6406	     0
0.1641	     0	1.6414	     0
0.1642	     4	1.6422	     0
0.1643	     6	1.6431	     0
0.1644	     1	1.6439	     0
0.1645	     1	1.6447	     0
0.1646	     2	1.6456	     0
0.1646	     2	1.6464	     0
0.1647	     1	1.6472	     0
0.1648	     4	1.6480	     0
0.1649	     1	1.6489	     0
0.1650	     5	1.6497	     0
0.1651	     1	1.6505	     0
0.1651	     1	1.6514	     0
0.1652	     2	1.6522	     0
0.1653	     0	1.6530	     0
0.1654	     0	1.6539	     0
0.1655	     1	1.6547	     0
0.1656	     1	1.6555	     0
0.1656	     2	1.6563	     0
0.1657	     2	1.6572	     0
0.1658	     0	1.6580	     0
0.1659	     5	1.6588	     0
0.1660	     1	1.6597	     0
0.1660	     2	1.6605	     0
0.1661	     3	1.6613	     0
0.1662	     2	1.6622	     0
0.1663	     3	1.6630	     0
0.1664	     6	1.6638	     0
0.1665	     1	1.6646	     0
0.1665	     1	1.6655	     0
0.1666	     3	1.6663	     0
0.1667	     1	1.6671	     0
0.1668	     0	1.6680	     0
0.1669	     2	1.6688	     0
0.1670	     2	1.6696	     0
0.1670	     3	1.6705	     0
0.1671	     3	1.6713	     0
0.1672	     4	1.6721	     0
0.1673	     5	1.6729	     0
0.1674	     4	1.6738	     0
0.1675	     2	1.6746	     0
0.1675	     2	1.6754	     0
0.1676	     2	1.6763	     0
0.1677	     4	1.6771	     0
0.1678	     1	1.6779	     0
0.1679	     4	1.6788	     0
0.1680	     4	1.6796	     0
0.1680	     0	1.6804	     0
0.1681	     2	1.6812	     0
0.1682	     1	1.6821	     0
0.1683	     1	1.6829	     0
0.1684	     2	1.6837	     0
0.1685	     2	1.6846	     0
0.1685	     0	1.6854	     0
0.1686	     2	1.6862	     0
0.1687	     1	1.6871	     0
0.1688	     0	1.6879	     0
0.1689	     2	1.6887	     0
0.1690	     4	1.6896	     0
0.1690	     1	1.6904	     0
0.1691	     2	1.6912	     0
0.1692	     1	1.6920	     0
0.1693	     1	1.6929	     0
0.1694	     3	1.6937	     0
0.1695	     3	1.6945	     0
0.1695	     1	1.6954	     0
0.1696	     1	1.6962	     0
0.1697	     2	1.6970	     0
0.1698	     0	1.6979	     0
0.1699	     2	1.6987	     0
0.1700	     1	1.6995	     0
0.1700	     1	1.7003	     0
0.1701	     4	1.7012	     0
0.1702	     1	1.7020	     0
0.1703	     6	1.7028	     0
0.1704	     4	1.7037	     0
0.1704	     1	1.7045	     0
0.1705	     0	1.7053	     0
0.1706	     2	1.7062	     0
0.1707	     4	1.7070	     0
0.1708	     3	1.7078	     0
0.1709	     1	1.7086	     0
0.1709	     1	1.7095	     0
0.1710	     2	1.7103	     0
0.1711	     1	1.7111	     0
0.1712	     2	1.7120	     0
0.1713	     2	1.7128	     0
0.1714	     3	1.7136	     0
0.1714	     2	1.7145	     0
0.1715	     1	1.7153	     0
0.1716	     3	1.7161	     0
0.1717	     0	1.7169	     0
0.1718	     5	1.7178	     0
0.1719	     1	1.7186	     0
0.1719	     0	1.7194	     0
0.1720	     0	1.7203	     0
0.1721	     0	1.7211	     0
0.1722	     5	1.7219	     0
0.1723	     3	1.7228	     0
0.1724	     1	1.7236	     0
0.1724	     5	1.7244	     0
0.1725	     1	1.7252	     0
0.1726	     6	1.7261	     0
0.1727	     3	1.7269	     0
0.1728	     5	1.7277	     0
0.1729	     0	1.7286	     0
0.1729	     5	1.7294	     0
0.1730	     1	1.7302	     0
0.1731	     0	1.7311	     0
0.1732	     2	1.7319	     0
0.1733	     0	1.7327	     0
0.1734	     2	1.7335	     0
0.1734	     4	1.7344	     0
0.1735	     0	1.7352	     0
0.1736	     0	1.7360	     0
0.1737	     4	1.7369	     0
0.1738	     1	1.7377	     0
0.1739	     2	1.7385	     0
0.1739	     1	1.7394	     0
0.1740	     3	1.7402	     0
0.1741	     3	1.7410	     0
0.1742	     4	1.7418	     0
0.1743	     1	1.7427	     0
0.1744	     3	1.7435	     0
0.1744	     1	1.7443	     0
0.1745	     0	1.7452	     0
0.1746	     1	1.7460	     0
0.1747	     4	1.7468	     0
0.1748	     2	1.7477	     0
0.1748	     1	1.7485	     0
0.1749	     0	1.7493	     0
0.1750	     0	1.7501	     0
0.1751	     0	1.7510	     0
0.1752	     4	1.7518	     0
0.1753	     2	1.7526	     0
0.1753	     0	1.7535	     0
0.1754	     5	1.7543	     0
0.1755	     2	1.7551	     0
0.1756	     2	1.7560	     0
0.1757	     3	1.7568	     0
0.1758	     1	1.7576	     0
0.1758	     2	1.7584	     0
0.1759	     0	1.7593	     0
0.1760	     4	1.7601	     0
0.1761	     3	1.7609	     0
0.1762	     3	1.7618	     0
0.1763	     1	1.7626	     0
0.1763	     2	1.7634	     0
0.1764	     2	1.7643	     0
0.1765	     2	1.7651	     0
0.1766	     3	1.7659	     0
0.1767	     2	1.7667	     0
0.1768	     3	1.7676	     0
0.1768	     3	1.7684	     0
0.1769	     1	1.7692	     0
0.1770	     1	1.7701	     0
0.1771	     2	1.7709	     0
0.1772	     0	1.7717	     0
0.1773	     1	1.7726	     0
0.1773	     2	1.7734	     0
0.1774	     0	1.7742	     0
0.1775	     2	1.7750	     0
0.1776	     4	1.7759	     0
0.1777	     1	1.7767	     0
0.1778	     3	1.7775	     0
0.1778	     2	1.7784	     0
0.1779	     5	1.7792	     0
0.1780	     2	1.7800	     0
0.1781	     7	1.7809	     0
0.1782	     6	1.7817	     0
0.1783	     4	1.7825	     0
0.1783	     3	1.7833	     0
0.1784	     2	1.7842	     0
0.1785	     0	1.7850	     0
0.1786	     3	1.7858	     0
0.1787	     2	1.7867	     0
0.1788	     2	1.7875	     0
0.1788	     4	1.7883	     0
0.1789	     2	1.7892	     0
0.1790	     5	1.7900	     0
0.1791	     2	1.7908	     0
0.1792	     2	1.7917	     0
0.1792	     3	1.7925	     0
0.1793	     2	1.7933	     0
0.1794	     1	1.7941	     0
0.1795	     5	1.7950	     0
0.1796	     0	1.7958	     0
0.1797	     3	1.7966	     0
0.1797	     1	1.7975	     0
0.1798	     6	1.7983	     0
0.1799	     0	1.7991	     0
0.1800	     0	1.8000	     0
0.1801	     4	1.8008	     0
0.1802	     1	1.8016	     0
0.1802	     2	1.8024	     0
0.1803	     3	1.8033	     0
0.1804	     1	1.8041	     0
0.1805	     2	1.8049	     0
0.1806	     3	1.8058	     0
0.1807	     7	1.8066	     0
0.1807	     2	1.8074	     0
0.1808	     9	1.8083	     0
0.1809	     2	1.8091	     0
0.1810	     1	1.8099	     0
0.1811	     1	1.8107	     0
0.1812	     2	1.8116	     0
0.1812	     5	1.8124	     0
0.1813	     1	1.8132	     0
0.1814	     1	1.8141	     0
0.1815	     2	1.8149	     0
0.1816	     3	1.8157	     0
0.1817	     3	1.8166	     0
0.1817	     1	1.8174	     0
0.1818	     4	1.8182	     0
0.1819	     1	1.8190	     0
0.1820	     3	1.8199	     0
0.1821	     3	1.8207	     0
0.1822	     2	1.8215	     0
0.1822	     0	1.8224	     0
0.1823	     2	1.8232	     0
0.1824	     3	1.8240	     0
0.1825	     1	1.8249	     0
0.1826	     2	1.8257	     0
0.1827	     2	1.8265	     0
0.1827	     1	1.8273	     0
0.1828	     3	1.8282	     0
0.1829	     2	1.8290	     0
0.1830	     1	1.8298	     0
0.1831	     4	1.8307	     0
0.1831	     6	1.8315	     0
0.1832	     4	1.8323	     0
0.1833	     1	1.8332	     0
0.1834	     4	1.8340	     0
0.1835	     3	1.8348	     0
0.1836	     1	1.8356	     0
0.1836	     1	1.8365	     0
0.1837	     3	1.8373	     0
0.1838	     2	1.8381	     0
0.1839	     2	1.8390	     0
0.1840	     2	1.8398	     0
0.1841	     2	1.8406	     0
0.1841	     4	1.8415	     0
0.1842	     3	1.8423	     0
0.1843	     2	1.8431	     0
0.1844	     1	1.8439	     0
0.1845	     1	1.8448	     0
0.1846	     1	1.8456	     0
0.1846	     1	1.8464	     0
0.1847	     3	1.8473	     0
0.1848	     2	1.8481	     0
0.1849	     0	1.8489	     0
0.1850	     4	1.8498	     0
0.1851	     1	1.8506	     0
0.1851	     1	1.8514	     0
0.1852	     3	1.8522	     0
0.1853	     5	1.8531	     0
0.1854	     4	1.8539	     0
0.1855	     3	1.8547	     0
0.1856	     1	1.8556	     0
0.1856	     3	1.8564	     0
0.1857	     3	1.8572	     0
0.1858	     3	1.8581	     0
0.1859	     2	1.8589	     0
0.1860	     3	1.8597	     0
0.1861	     4	1.8605	     0
0.1861	     4	1.8614	     0
0.1862	     0	1.8622	     0
0.1863	     3	1.8630	     0
0.1864	     3	1.8639	     0
0.1865	     4	1.8647	     0
0.1866	     4	1.8655	     0
0.1866	     2	1.8664	     0
0.1867	     3	1.8672	     0
0.1868	     3	1.8680	     0
0.1869	     2	1.8688	     0
0.1870	     2	1.8697	     0
0.1871	     3	1.8705	     0
0.1871	     2	1.8713	     0
0.1872	     1	1.8722	     0
0.1873	     3	1.8730	     0
0.1874	     3	1.8738	     0
0.1875	     3	1.8747	     0
0.1875	     5	1.8755	     0
0.1876	     2	1.8763	     0
0.1877	     4	1.8771	     0
0.1878	     4	1.8780	     0
0.1879	     2	1.8788	     0
0.1880	     2	1.8796	     0
0.1880	     5	1.8805	     0
0.1881	     1	1.8813	     0
0.1882	     0	1.8821	     0
0.1883	     2	1.8830	     0
0.1884	     3	1.8838	     0
0.1885	     2	1.8846	     0
0.1885	     1	1.8854	     0
0.1886	     3	1.8863	     0
0.1887	     3	1.8871	     0
0.1888	     4	1.8879	     0
0.1889	     4	1.8888	     0
0.1890	     3	1.8896	     0
0.1890	     5	1.8904	     0
0.1891	     4	1.8913	     0
0.1892	     4	1.8921	     0
0.1893	     1	1.8929	     0
0.1894	     1	1.8938	     0
0.1895	     1	1.8946	     0
0.1895	     2	1.8954	     0
0.1896	     3	1.8962	     0
0.1897	     3	1.8971	     0
0.1898	     1	1.8979	     0
0.1899	     3	1.8987	     0
0.1900	     1	1.8996	     0
0.1900	     4	1.9004	     0
0.1901	     4	1.9012	     0
0.1902	     4	1.9021	     0
0.1903	     1	1.9029	     0
0.1904	     1	1.9037	     0
0.1905	     2	1.9045	     0
0.1905	     2	1.9054	     0
0.1906	     2	1.9062	     0
0.1907	     3	1.9070	     0
0.1908	     5	1.9079	     0
0.1909	     2	1.9087	     0
0.1910	     2	1.9095	     0
0.1910	     2	1.9104	     0
0.1911	     3	1.9112	     0
0.1912	     1	1.9120	     0
0.1913	     0	1.9128	     0
0.1914	     3	1.9137	     0
0.1915	     2	1.9145	     0
0.1915	     4	1.9153	     0
0.1916	     1	1.9162	     0
0.1917	     2	1.9170	     0
0.1918	     2	1.9178	     0
0.1919	     5	1.9187	     0
0.1919	     6	1.9195	     0
0.1920	     1	1.9203	     0
0.1921	     2	1.9211	     0
0.1922	     2	1.9220	     0
0.1923	     3	1.9228	     0
0.1924	     4	1.9236	     0
0.1924	     3	1.9245	     0
0.1925	     4	1.9253	     0
0.1926	     4	1.9261	     0
0.1927	     6	1.9270	     0
0.1928	     4	1.9278	     0
0.1929	     1	1.9286	     0
0.1929	     3	1.9294	     0
0.1930	     1	1.9303	     0
0.1931	     6	1.9311	     0
0.1932	     3	1.9319	     0
0.1933	     2	1.9328	     0
0.1934	     4	1.9336	     0
0.1934	     3	1.9344	     0
0.1935	     3	1.9353	     0
0.1936	     5	1.9361	     0
0.1937	     5	1.9369	     0
0.1938	     2	1.9377	     0
0.1939	     2	1.9386	     0
0.1939	     3	1.9394	     0
0.1940	     2	1.9402	     0
0.1941	     2	1.9411	     0
0.1942	     5	1.9419	     0
0.1943	     2	1.9427	     0
0.1944	     1	1.9436	     0
0.1944	     1	1.9444	     0
0.1945	     2	1.9452	     0
0.1946	     1	1.9460	     0
0.1947	     2	1.9469	     0
0.1948	     5	1.9477	     0
0.1949	     4	1.9485	     0
0.1949	     2	1.9494	     0
0.1950	     3	1.9502	     0
0.1951	     4	1.9510	     0
0.1952	     4	1.9519	     0
0.1953	     2	1.9527	     0
0.1954	     5	1.9535	     0
0.1954	     4	1.9543	     0
0.1955	     2	1.9552	     0
0.1956	     1	1.9560	     0
0.1957	     2	1.9568	     0
0.1958	     4	1.9577	     0
0.1958	     3	1.9585	     0
0.1959	     6	1.9593	     0
0.1960	     4	1.9602	     0
0.1961	     6	1.9610	     0
0.1962	     4	1.9618	     0
0.1963	     2	1.9626	     0
0.1963	     3	1.9635	     0
0.1964	     1	1.9643	     0
0.1965	     1	1.9651	     0
0.1966	     2	1.9660	     0
0.1967	     2	1.9668	     0
0.1968	     4	1.9676	     0
0.1968	     4	1.9685	     0
0.1969	     0	1.9693	     0
0.1970	     1	1.9701	     0
0.1971	     3	1.9709	     0
0.1972	     3	1.9718	     0
0.1973	     4	1.9726	     0
0.1973	     3	1.9734	     0
0.1974	     6	1.9743	     0
0.1975	     6	1.9751	     0
0.1976	     2	1.9759	     0
0.1977	     2	1.9768	     0
0.1978	     2	1.9776	     0
0.1978	     2	1.9784	     0
0.1979	     3	1.9792	     0
0.1980	     3	1.9801	     0
0.1981	     1	1.9809	     0
0.1982	     4	1.9817	     0
0.1983	     2	1.9826	     0
0.1983	     5	1.9834	     0
0.1984	     3	1.9842	     0
0.1985	     1	1.9851	     0
0.1986	     3	1.9859	     0
0.1987	     4	1.9867	     0
0.1988	     6	1.9875	     0
0.1988	     2	1.9884	     0
0.1989	     3	1.9892	     0
0.1990	     2	1.9900	     0
0.1991	     2	1.9909	     0
0.1992	     3	1.9917	     0
0.1993	     3	1.9925	     0
0.1993	     1	1.9934	     0
0.1994	     3	1.9942	     0
0.1995	     0	1.9950	     0
0.1996	     2	1.9958	     0
0.1997	     3	1.9967	     0
0.1998	     2	1.9975	     0
0.1998	     1	1.9983	     0
0.1999	     4	1.9992	     0
