01/26/2022 14:17:52
LT: 141.06

0.0300	   135	0.3000	     0
0.0301	   199	0.3008	     0
0.0302	   215	0.3017	     0
0.0302	   213	0.3025	     0
0.0303	   231	0.3033	     0
0.0304	   209	0.3042	     0
0.0305	   196	0.3050	     0
0.0306	   226	0.3058	     0
0.0307	   212	0.3066	     0
0.0307	   211	0.3075	     0
0.0308	   194	0.3083	     0
0.0309	   200	0.3091	     0
0.0310	   201	0.3100	     0
0.0311	   228	0.3108	     0
0.0312	   233	0.3116	     0
0.0312	   222	0.3125	     0
0.0313	   210	0.3133	     0
0.0314	   190	0.3141	     0
0.0315	   193	0.3149	     0
0.0316	   202	0.3158	     0
0.0317	   229	0.3166	     0
0.0317	   201	0.3174	     0
0.0318	   215	0.3183	     0
0.0319	   191	0.3191	     0
0.0320	   202	0.3199	     0
0.0321	   222	0.3208	     0
0.0322	   190	0.3216	     0
0.0322	   204	0.3224	     0
0.0323	   213	0.3232	     0
0.0324	   217	0.3241	     0
0.0325	   209	0.3249	     0
0.0326	   189	0.3257	     0
0.0327	   195	0.3266	     0
0.0327	   199	0.3274	     0
0.0328	   194	0.3282	     0
0.0329	   210	0.3291	     0
0.0330	   196	0.3299	     0
0.0331	   198	0.3307	     0
0.0332	   190	0.3315	     0
0.0332	   197	0.3324	     0
0.0333	   174	0.3332	     0
0.0334	   190	0.3340	     0
0.0335	   187	0.3349	     0
0.0336	   182	0.3357	     0
0.0337	   182	0.3365	     0
0.0337	   187	0.3374	     0
0.0338	   205	0.3382	     0
0.0339	   208	0.3390	     0
0.0340	   179	0.3398	     0
0.0341	   172	0.3407	     0
0.0342	   197	0.3415	     0
0.0342	   199	0.3423	     0
0.0343	   185	0.3432	     0
0.0344	   187	0.3440	     0
0.0345	   210	0.3448	     0
0.0346	   181	0.3457	     0
0.0346	   179	0.3465	     0
0.0347	   172	0.3473	     0
0.0348	   174	0.3481	     0
0.0349	   203	0.3490	     0
0.0350	   160	0.3498	     0
0.0351	   192	0.3506	     0
0.0351	   193	0.3515	     0
0.0352	   175	0.3523	     0
0.0353	   164	0.3531	     0
0.0354	   186	0.3540	     0
0.0355	   200	0.3548	     0
0.0356	   176	0.3556	     0
0.0356	   185	0.3564	     0
0.0357	   193	0.3573	     0
0.0358	   187	0.3581	     0
0.0359	   197	0.3589	     0
0.0360	   185	0.3598	     0
0.0361	   162	0.3606	     0
0.0361	   190	0.3614	     0
0.0362	   188	0.3623	     0
0.0363	   190	0.3631	     0
0.0364	   188	0.3639	     0
0.0365	   171	0.3647	     0
0.0366	   161	0.3656	     0
0.0366	   173	0.3664	     0
0.0367	   189	0.3672	     0
0.0368	   153	0.3681	     0
0.0369	   185	0.3689	     0
0.0370	   177	0.3697	     0
0.0371	   180	0.3706	     0
0.0371	   167	0.3714	     0
0.0372	   156	0.3722	     0
0.0373	   187	0.3730	     0
0.0374	   158	0.3739	     0
0.0375	   185	0.3747	     0
0.0376	   173	0.3755	     0
0.0376	   197	0.3764	     0
0.0377	   154	0.3772	     0
0.0378	   174	0.3780	     0
0.0379	   184	0.3789	     0
0.0380	   194	0.3797	     0
0.0381	   172	0.3805	     0
0.0381	   188	0.3813	     0
0.0382	   187	0.3822	     0
0.0383	   167	0.3830	     0
0.0384	   182	0.3838	     0
0.0385	   170	0.3847	     0
0.0385	   160	0.3855	     0
0.0386	   188	0.3863	     0
0.0387	   192	0.3872	     0
0.0388	   171	0.3880	     0
0.0389	   155	0.3888	     0
0.0390	   190	0.3896	     0
0.0390	   146	0.3905	     0
0.0391	   145	0.3913	     0
0.0392	   132	0.3921	     0
0.0393	   170	0.3930	     0
0.0394	   189	0.3938	     0
0.0395	   166	0.3946	     0
0.0395	   162	0.3955	     0
0.0396	   187	0.3963	     0
0.0397	   173	0.3971	     0
0.0398	   174	0.3979	     0
0.0399	   153	0.3988	     0
0.0400	   185	0.3996	     0
0.0400	   187	0.4004	     0
0.0401	   174	0.4013	     0
0.0402	   165	0.4021	     0
0.0403	   150	0.4029	     0
0.0404	   187	0.4038	     0
0.0405	   175	0.4046	     0
0.0405	   144	0.4054	     0
0.0406	   154	0.4063	     0
0.0407	   160	0.4071	     0
0.0408	   148	0.4079	     0
0.0409	   180	0.4087	     0
0.0410	   134	0.4096	     0
0.0410	   153	0.4104	     0
0.0411	   167	0.4112	     0
0.0412	   168	0.4121	     0
0.0413	   153	0.4129	     0
0.0414	   167	0.4137	     0
0.0415	   167	0.4146	     0
0.0415	   166	0.4154	     0
0.0416	   161	0.4162	     0
0.0417	   176	0.4170	     0
0.0418	   162	0.4179	     0
0.0419	   161	0.4187	     0
0.0420	   135	0.4195	     0
0.0420	   172	0.4204	     0
0.0421	   156	0.4212	     0
0.0422	   169	0.4220	     0
0.0423	   140	0.4229	     0
0.0424	   159	0.4237	     0
0.0425	   163	0.4245	     0
0.0425	   158	0.4253	     0
0.0426	   177	0.4262	     0
0.0427	   163	0.4270	     0
0.0428	   145	0.4278	     0
0.0429	   152	0.4287	     0
0.0429	   162	0.4295	     0
0.0430	   171	0.4303	     0
0.0431	   161	0.4312	     0
0.0432	   172	0.4320	     0
0.0433	   185	0.4328	     0
0.0434	   154	0.4336	     0
0.0434	   167	0.4345	     0
0.0435	   137	0.4353	     0
0.0436	   158	0.4361	     0
0.0437	   154	0.4370	     0
0.0438	   165	0.4378	     0
0.0439	   164	0.4386	     0
0.0439	   178	0.4395	     0
0.0440	   159	0.4403	     0
0.0441	   155	0.4411	     0
0.0442	   176	0.4419	     0
0.0443	   157	0.4428	     0
0.0444	   164	0.4436	     0
0.0444	   174	0.4444	     0
0.0445	   164	0.4453	     0
0.0446	   157	0.4461	     0
0.0447	   162	0.4469	     0
0.0448	   157	0.4478	     0
0.0449	   174	0.4486	     0
0.0449	   159	0.4494	     0
0.0450	   173	0.4502	     0
0.0451	   187	0.4511	     0
0.0452	   162	0.4519	     0
0.0453	   183	0.4527	     0
0.0454	   146	0.4536	     0
0.0454	   180	0.4544	     0
0.0455	   158	0.4552	     0
0.0456	   169	0.4561	     0
0.0457	   165	0.4569	     0
0.0458	   144	0.4577	     0
0.0459	   182	0.4585	     0
0.0459	   149	0.4594	     0
0.0460	   159	0.4602	     0
0.0461	   150	0.4610	     0
0.0462	   156	0.4619	     0
0.0463	   156	0.4627	     0
0.0464	   157	0.4635	     0
0.0464	   182	0.4644	     0
0.0465	   178	0.4652	     0
0.0466	   130	0.4660	     0
0.0467	   150	0.4668	     0
0.0468	   170	0.4677	     0
0.0469	   170	0.4685	     0
0.0469	   173	0.4693	     0
0.0470	   153	0.4702	     0
0.0471	   138	0.4710	     0
0.0472	   177	0.4718	     0
0.0473	   147	0.4727	     0
0.0473	   151	0.4735	     0
0.0474	   160	0.4743	     0
0.0475	   148	0.4751	     0
0.0476	   163	0.4760	     0
0.0477	   167	0.4768	     0
0.0478	   149	0.4776	     0
0.0478	   175	0.4785	     0
0.0479	   169	0.4793	     0
0.0480	   158	0.4801	     0
0.0481	   157	0.4810	     0
0.0482	   158	0.4818	     0
0.0483	   147	0.4826	     0
0.0483	   142	0.4834	     0
0.0484	   159	0.4843	     0
0.0485	   152	0.4851	     0
0.0486	   140	0.4859	     0
0.0487	   145	0.4868	     0
0.0488	   158	0.4876	     0
0.0488	   173	0.4884	     0
0.0489	   146	0.4893	     0
0.0490	   194	0.4901	     0
0.0491	   141	0.4909	     0
0.0492	   141	0.4917	     0
0.0493	   147	0.4926	     0
0.0493	   169	0.4934	     0
0.0494	   164	0.4942	     0
0.0495	   153	0.4951	     0
0.0496	   143	0.4959	     0
0.0497	   161	0.4967	     0
0.0498	   153	0.4976	     0
0.0498	   166	0.4984	     0
0.0499	   159	0.4992	     0
0.0500	   168	0.5000	     0
0.0501	   156	0.5009	     0
0.0502	   167	0.5017	     0
0.0503	   153	0.5025	     0
0.0503	   142	0.5034	     0
0.0504	   170	0.5042	     0
0.0505	   146	0.5050	     0
0.0506	   140	0.5059	     0
0.0507	   157	0.5067	     0
0.0508	   152	0.5075	     0
0.0508	   154	0.5083	     0
0.0509	   161	0.5092	     0
0.0510	   167	0.5100	     0
0.0511	   163	0.5108	     0
0.0512	   147	0.5117	     0
0.0513	   168	0.5125	     0
0.0513	   151	0.5133	     0
0.0514	   160	0.5142	     0
0.0515	   160	0.5150	     0
0.0516	   159	0.5158	     0
0.0517	   144	0.5167	     0
0.0517	   179	0.5175	     0
0.0518	   155	0.5183	     0
0.0519	   183	0.5191	     0
0.0520	   176	0.5200	     0
0.0521	   162	0.5208	     0
0.0522	   155	0.5216	     0
0.0522	   152	0.5225	     0
0.0523	   144	0.5233	     0
0.0524	   172	0.5241	     0
0.0525	   166	0.5250	     0
0.0526	   162	0.5258	     0
0.0527	   152	0.5266	     0
0.0527	   171	0.5274	     0
0.0528	   175	0.5283	     0
0.0529	   163	0.5291	     0
0.0530	   159	0.5299	     0
0.0531	   164	0.5308	     0
0.0532	   170	0.5316	     0
0.0532	   135	0.5324	     0
0.0533	   169	0.5333	     0
0.0534	   178	0.5341	     0
0.0535	   169	0.5349	     0
0.0536	   160	0.5357	     0
0.0537	   167	0.5366	     0
0.0537	   170	0.5374	     0
0.0538	   153	0.5382	     0
0.0539	   171	0.5391	     0
0.0540	   185	0.5399	     0
0.0541	   170	0.5407	     0
0.0542	   161	0.5416	     0
0.0542	   186	0.5424	     0
0.0543	   174	0.5432	     0
0.0544	   171	0.5440	     0
0.0545	   182	0.5449	     0
0.0546	   171	0.5457	     0
0.0547	   150	0.5465	     0
0.0547	   144	0.5474	     0
0.0548	   169	0.5482	     0
0.0549	   164	0.5490	     0
0.0550	   165	0.5499	     0
0.0551	   166	0.5507	     0
0.0552	   196	0.5515	     0
0.0552	   158	0.5523	     0
0.0553	   157	0.5532	     0
0.0554	   171	0.5540	     0
0.0555	   164	0.5548	     0
0.0556	   168	0.5557	     0
0.0556	   158	0.5565	     0
0.0557	   167	0.5573	     0
0.0558	   167	0.5582	     0
0.0559	   159	0.5590	     0
0.0560	   159	0.5598	     0
0.0561	   175	0.5606	     0
0.0561	   144	0.5615	     0
0.0562	   140	0.5623	     0
0.0563	   162	0.5631	     0
0.0564	   148	0.5640	     0
0.0565	   167	0.5648	     0
0.0566	   179	0.5656	     0
0.0566	   142	0.5665	     0
0.0567	   173	0.5673	     0
0.0568	   188	0.5681	     0
0.0569	   169	0.5689	     0
0.0570	   174	0.5698	     0
0.0571	   165	0.5706	     0
0.0571	   156	0.5714	     0
0.0572	   171	0.5723	     0
0.0573	   159	0.5731	     0
0.0574	   158	0.5739	     0
0.0575	   185	0.5748	     0
0.0576	   163	0.5756	     0
0.0576	   173	0.5764	     0
0.0577	   140	0.5772	     0
0.0578	   155	0.5781	     0
0.0579	   177	0.5789	     0
0.0580	   164	0.5797	     0
0.0581	   169	0.5806	     0
0.0581	   150	0.5814	     0
0.0582	   184	0.5822	     0
0.0583	   153	0.5831	     0
0.0584	   166	0.5839	     0
0.0585	   166	0.5847	     0
0.0586	   163	0.5855	     0
0.0586	   178	0.5864	     0
0.0587	   168	0.5872	     0
0.0588	   164	0.5880	     0
0.0589	   155	0.5889	     0
0.0590	   151	0.5897	     0
0.0591	   130	0.5905	     0
0.0591	   163	0.5914	     0
0.0592	   165	0.5922	     0
0.0593	   149	0.5930	     0
0.0594	   140	0.5938	     0
0.0595	   146	0.5947	     0
0.0596	   137	0.5955	     0
0.0596	   157	0.5963	     0
0.0597	   134	0.5972	     0
0.0598	   154	0.5980	     0
0.0599	   148	0.5988	     0
0.0600	   152	0.5997	     0
0.0600	   152	0.6005	     0
0.0601	   147	0.6013	     0
0.0602	   141	0.6021	     0
0.0603	   154	0.6030	     0
0.0604	   144	0.6038	     0
0.0605	   132	0.6046	     0
0.0605	   140	0.6055	     0
0.0606	   117	0.6063	     0
0.0607	   130	0.6071	     0
0.0608	   117	0.6080	     0
0.0609	   148	0.6088	     0
0.0610	   132	0.6096	     0
0.0610	   129	0.6104	     0
0.0611	   146	0.6113	     0
0.0612	   143	0.6121	     0
0.0613	   136	0.6129	     0
0.0614	   126	0.6138	     0
0.0615	   149	0.6146	     0
0.0615	   114	0.6154	     0
0.0616	   136	0.6163	     0
0.0617	   109	0.6171	     0
0.0618	   109	0.6179	     0
0.0619	   129	0.6187	     0
0.0620	   119	0.6196	     0
0.0620	   119	0.6204	     0
0.0621	    99	0.6212	     0
0.0622	   123	0.6221	     0
0.0623	   126	0.6229	     0
0.0624	   128	0.6237	     0
0.0625	   102	0.6246	     0
0.0625	    87	0.6254	     0
0.0626	   104	0.6262	     0
0.0627	   109	0.6271	     0
0.0628	   108	0.6279	     0
0.0629	   105	0.6287	     0
0.0630	   108	0.6295	     0
0.0630	   103	0.6304	     0
0.0631	    89	0.6312	     0
0.0632	   121	0.6320	     0
0.0633	    87	0.6329	     0
0.0634	    96	0.6337	     0
0.0635	   104	0.6345	     0
0.0635	    90	0.6354	     0
0.0636	    69	0.6362	     0
0.0637	    96	0.6370	     0
0.0638	    86	0.6378	     0
0.0639	    90	0.6387	     0
0.0640	    88	0.6395	     0
0.0640	    88	0.6403	     0
0.0641	    94	0.6412	     0
0.0642	    95	0.6420	     0
0.0643	    88	0.6428	     0
0.0644	   105	0.6437	     0
0.0644	   102	0.6445	     0
0.0645	    90	0.6453	     0
0.0646	    95	0.6461	     0
0.0647	    74	0.6470	     0
0.0648	    84	0.6478	     0
0.0649	    86	0.6486	     0
0.0649	    79	0.6495	     0
0.0650	    78	0.6503	     0
0.0651	    88	0.6511	     0
0.0652	    95	0.6520	     0
0.0653	    73	0.6528	     0
0.0654	    92	0.6536	     0
0.0654	    74	0.6544	     0
0.0655	    91	0.6553	     0
0.0656	    95	0.6561	     0
0.0657	    91	0.6569	     0
0.0658	    67	0.6578	     0
0.0659	    84	0.6586	     0
0.0659	    78	0.6594	     0
0.0660	    64	0.6603	     0
0.0661	    76	0.6611	     0
0.0662	    89	0.6619	     0
0.0663	    79	0.6627	     0
0.0664	    94	0.6636	     0
0.0664	    70	0.6644	     0
0.0665	    60	0.6652	     0
0.0666	    68	0.6661	     0
0.0667	    83	0.6669	     0
0.0668	    81	0.6677	     0
0.0669	    84	0.6686	     0
0.0669	    89	0.6694	     0
0.0670	    93	0.6702	     0
0.0671	    93	0.6710	     0
0.0672	    90	0.6719	     0
0.0673	    87	0.6727	     0
0.0674	    79	0.6735	     0
0.0674	    66	0.6744	     0
0.0675	    52	0.6752	     0
0.0676	    79	0.6760	     0
0.0677	    77	0.6769	     0
0.0678	    93	0.6777	     0
0.0679	    76	0.6785	     0
0.0679	    72	0.6793	     0
0.0680	    60	0.6802	     0
0.0681	    74	0.6810	     0
0.0682	    74	0.6818	     0
0.0683	    88	0.6827	     0
0.0683	    75	0.6835	     0
0.0684	    78	0.6843	     0
0.0685	    54	0.6852	     0
0.0686	    82	0.6860	     0
0.0687	    67	0.6868	     0
0.0688	    80	0.6876	     0
0.0688	    85	0.6885	     0
0.0689	    77	0.6893	     0
0.0690	    81	0.6901	     0
0.0691	    85	0.6910	     0
0.0692	    91	0.6918	     0
0.0693	    70	0.6926	     0
0.0693	    88	0.6935	     0
0.0694	   101	0.6943	     0
0.0695	   100	0.6951	     0
0.0696	    75	0.6959	     0
0.0697	    96	0.6968	     0
0.0698	    68	0.6976	     0
0.0698	    79	0.6984	     0
0.0699	    88	0.6993	     0
0.0700	    82	0.7001	     0
0.0701	    75	0.7009	     0
0.0702	   104	0.7018	     0
0.0703	    84	0.7026	     0
0.0703	    94	0.7034	     0
0.0704	    82	0.7042	     0
0.0705	    86	0.7051	     0
0.0706	    75	0.7059	     0
0.0707	    88	0.7067	     0
0.0708	    87	0.7076	     0
0.0708	    80	0.7084	     0
0.0709	    81	0.7092	     0
0.0710	    76	0.7101	     0
0.0711	    77	0.7109	     0
0.0712	   107	0.7117	     0
0.0713	    84	0.7125	     0
0.0713	    83	0.7134	     0
0.0714	    89	0.7142	     0
0.0715	    75	0.7150	     0
0.0716	    79	0.7159	     0
0.0717	    81	0.7167	     0
0.0718	    74	0.7175	     0
0.0718	    90	0.7184	     0
0.0719	    75	0.7192	     0
0.0720	    78	0.7200	     0
0.0721	    89	0.7208	     0
0.0722	    77	0.7217	     0
0.0723	    97	0.7225	     0
0.0723	    91	0.7233	     0
0.0724	    85	0.7242	     0
0.0725	    79	0.7250	     0
0.0726	    89	0.7258	     0
0.0727	    86	0.7267	     0
0.0727	    86	0.7275	     0
0.0728	    86	0.7283	     0
0.0729	    89	0.7292	     0
0.0730	   102	0.7300	     0
0.0731	    94	0.7308	     0
0.0732	    76	0.7316	     0
0.0732	    88	0.7325	     0
0.0733	    90	0.7333	     0
0.0734	    91	0.7341	     0
0.0735	    90	0.7350	     0
0.0736	    90	0.7358	     0
0.0737	    83	0.7366	     0
0.0737	    80	0.7375	     0
0.0738	    88	0.7383	     0
0.0739	    76	0.7391	     0
0.0740	    89	0.7399	     0
0.0741	    89	0.7408	     0
0.0742	    85	0.7416	     0
0.0742	   102	0.7424	     0
0.0743	    92	0.7433	     0
0.0744	    84	0.7441	     0
0.0745	   104	0.7449	     0
0.0746	    99	0.7458	     0
0.0747	   116	0.7466	     0
0.0747	   102	0.7474	     0
0.0748	   110	0.7482	     0
0.0749	    86	0.7491	     0
0.0750	    88	0.7499	     0
0.0751	    96	0.7507	     0
0.0752	    97	0.7516	     0
0.0752	    88	0.7524	     0
0.0753	    89	0.7532	     0
0.0754	   100	0.7541	     0
0.0755	   105	0.7549	     0
0.0756	   114	0.7557	     0
0.0757	    96	0.7565	     0
0.0757	    83	0.7574	     0
0.0758	    94	0.7582	     0
0.0759	    92	0.7590	     0
0.0760	    95	0.7599	     0
0.0761	    93	0.7607	     0
0.0762	    71	0.7615	     0
0.0762	    87	0.7624	     0
0.0763	   109	0.7632	     0
0.0764	   123	0.7640	     0
0.0765	    82	0.7648	     0
0.0766	    99	0.7657	     0
0.0767	    95	0.7665	     0
0.0767	    91	0.7673	     0
0.0768	    97	0.7682	     0
0.0769	    85	0.7690	     0
0.0770	    98	0.7698	     0
0.0771	    94	0.7707	     0
0.0771	    94	0.7715	     0
0.0772	    84	0.7723	     0
0.0773	    91	0.7731	     0
0.0774	    92	0.7740	     0
0.0775	   105	0.7748	     0
0.0776	    95	0.7756	     0
0.0776	   106	0.7765	     0
0.0777	   101	0.7773	     0
0.0778	    93	0.7781	     0
0.0779	   111	0.7790	     0
0.0780	   122	0.7798	     0
0.0781	   102	0.7806	     0
0.0781	    98	0.7814	     0
0.0782	   109	0.7823	     0
0.0783	   101	0.7831	     0
0.0784	   114	0.7839	     0
0.0785	   102	0.7848	     0
0.0786	   120	0.7856	     0
0.0786	   122	0.7864	     0
0.0787	   121	0.7873	     0
0.0788	   110	0.7881	     0
0.0789	   140	0.7889	     0
0.0790	   140	0.7897	     0
0.0791	   127	0.7906	     0
0.0791	   159	0.7914	     0
0.0792	   152	0.7922	     0
0.0793	   149	0.7931	     0
0.0794	   131	0.7939	     0
0.0795	   156	0.7947	     0
0.0796	   162	0.7956	     0
0.0796	   156	0.7964	     0
0.0797	   141	0.7972	     0
0.0798	   188	0.7980	     0
0.0799	   178	0.7989	     0
0.0800	   196	0.7997	     0
0.0801	   185	0.8005	     0
0.0801	   206	0.8014	     0
0.0802	   205	0.8022	     0
0.0803	   196	0.8030	     0
0.0804	   221	0.8039	     0
0.0805	   245	0.8047	     0
0.0806	   247	0.8055	     0
0.0806	   272	0.8063	     0
0.0807	   242	0.8072	     0
0.0808	   239	0.8080	     0
0.0809	   288	0.8088	     0
0.0810	   270	0.8097	     0
0.0810	   301	0.8105	     0
0.0811	   329	0.8113	     0
0.0812	   328	0.8122	     0
0.0813	   350	0.8130	     0
0.0814	   367	0.8138	     0
0.0815	   379	0.8146	     0
0.0815	   382	0.8155	     0
0.0816	   408	0.8163	     0
0.0817	   406	0.8171	     0
0.0818	   454	0.8180	     0
0.0819	   493	0.8188	     0
0.0820	   486	0.8196	     0
0.0820	   485	0.8205	     0
0.0821	   489	0.8213	     0
0.0822	   558	0.8221	     0
0.0823	   570	0.8229	     0
0.0824	   561	0.8238	     0
0.0825	   635	0.8246	     0
0.0825	   662	0.8254	     0
0.0826	   661	0.8263	     0
0.0827	   691	0.8271	     0
0.0828	   683	0.8279	     0
0.0829	   766	0.8288	     0
0.0830	   760	0.8296	     0
0.0830	   786	0.8304	     0
0.0831	   856	0.8313	     0
0.0832	   882	0.8321	     0
0.0833	   855	0.8329	     0
0.0834	   911	0.8337	     0
0.0835	   970	0.8346	     0
0.0835	   970	0.8354	     0
0.0836	  1014	0.8362	     0
0.0837	  1001	0.8371	     0
0.0838	  1137	0.8379	     0
0.0839	  1127	0.8387	     0
0.0840	  1108	0.8396	     0
0.0840	  1154	0.8404	     0
0.0841	  1278	0.8412	     0
0.0842	  1207	0.8420	     0
0.0843	  1352	0.8429	     0
0.0844	  1293	0.8437	     0
0.0845	  1343	0.8445	     0
0.0845	  1383	0.8454	     0
0.0846	  1333	0.8462	     0
0.0847	  1478	0.8470	     0
0.0848	  1397	0.8479	     0
0.0849	  1483	0.8487	     0
0.0850	  1550	0.8495	     0
0.0850	  1532	0.8503	     0
0.0851	  1622	0.8512	     0
0.0852	  1594	0.8520	     0
0.0853	  1609	0.8528	     0
0.0854	  1641	0.8537	     0
0.0854	  1699	0.8545	     0
0.0855	  1756	0.8553	     0
0.0856	  1707	0.8562	     0
0.0857	  1727	0.8570	     0
0.0858	  1741	0.8578	     0
0.0859	  1777	0.8586	     0
0.0859	  1667	0.8595	     0
0.0860	  1755	0.8603	     0
0.0861	  1752	0.8611	     0
0.0862	  1804	0.8620	     0
0.0863	  1778	0.8628	     0
0.0864	  1818	0.8636	     0
0.0864	  1812	0.8645	     0
0.0865	  1857	0.8653	     0
0.0866	  1770	0.8661	     0
0.0867	  1777	0.8669	     0
0.0868	  1784	0.8678	     0
0.0869	  1811	0.8686	     0
0.0869	  1856	0.8694	     0
0.0870	  1769	0.8703	     0
0.0871	  1797	0.8711	     0
0.0872	  1843	0.8719	     0
0.0873	  1705	0.8728	     0
0.0874	  1768	0.8736	     0
0.0874	  1740	0.8744	     0
0.0875	  1724	0.8752	     0
0.0876	  1667	0.8761	     0
0.0877	  1699	0.8769	     0
0.0878	  1644	0.8777	     0
0.0879	  1591	0.8786	     0
0.0879	  1590	0.8794	     0
0.0880	  1613	0.8802	     0
0.0881	  1530	0.8811	     0
0.0882	  1536	0.8819	     0
0.0883	  1471	0.8827	     0
0.0884	  1438	0.8835	     0
0.0884	  1481	0.8844	     0
0.0885	  1382	0.8852	     0
0.0886	  1304	0.8860	     0
0.0887	  1284	0.8869	     0
0.0888	  1319	0.8877	     0
0.0889	  1307	0.8885	     0
0.0889	  1252	0.8894	     0
0.0890	  1193	0.8902	     0
0.0891	  1086	0.8910	     0
0.0892	  1076	0.8918	     0
0.0893	  1081	0.8927	     0
0.0894	  1077	0.8935	     0
0.0894	   989	0.8943	     0
0.0895	   988	0.8952	     0
0.0896	   940	0.8960	     0
0.0897	   903	0.8968	     0
0.0898	   881	0.8977	     0
0.0898	   858	0.8985	     0
0.0899	   822	0.8993	     0
0.0900	   835	0.9001	     0
0.0901	   677	0.9010	     0
0.0902	   701	0.9018	     0
0.0903	   681	0.9026	     0
0.0903	   634	0.9035	     0
0.0904	   651	0.9043	     0
0.0905	   584	0.9051	     0
0.0906	   514	0.9060	     0
0.0907	   536	0.9068	     0
0.0908	   487	0.9076	     0
0.0908	   446	0.9084	     0
0.0909	   462	0.9093	     0
0.0910	   409	0.9101	     0
0.0911	   371	0.9109	     0
0.0912	   343	0.9118	     0
0.0913	   367	0.9126	     0
0.0913	   352	0.9134	     0
0.0914	   326	0.9143	     0
0.0915	   313	0.9151	     0
0.0916	   272	0.9159	     0
0.0917	   273	0.9167	     0
0.0918	   247	0.9176	     0
0.0918	   235	0.9184	     0
0.0919	   220	0.9192	     0
0.0920	   202	0.9201	     0
0.0921	   169	0.9209	     0
0.0922	   164	0.9217	     0
0.0923	   167	0.9226	     0
0.0923	   158	0.9234	     0
0.0924	   138	0.9242	     0
0.0925	   127	0.9250	     0
0.0926	   130	0.9259	     0
0.0927	   102	0.9267	     0
0.0928	   102	0.9275	     0
0.0928	    84	0.9284	     0
0.0929	    88	0.9292	     0
0.0930	    89	0.9300	     0
0.0931	    84	0.9309	     0
0.0932	    67	0.9317	     0
0.0933	    52	0.9325	     0
0.0933	    50	0.9333	     0
0.0934	    65	0.9342	     0
0.0935	    49	0.9350	     0
0.0936	    40	0.9358	     0
0.0937	    45	0.9367	     0
0.0938	    34	0.9375	     0
0.0938	    32	0.9383	     0
0.0939	    35	0.9392	     0
0.0940	    32	0.9400	     0
0.0941	    26	0.9408	     0
0.0942	    15	0.9417	     0
0.0942	    26	0.9425	     0
0.0943	    16	0.9433	     0
0.0944	    20	0.9441	     0
0.0945	    23	0.9450	     0
0.0946	    13	0.9458	     0
0.0947	    12	0.9466	     0
0.0947	    12	0.9475	     0
0.0948	    11	0.9483	     0
0.0949	    13	0.9491	     0
0.0950	    15	0.9500	     0
0.0951	     8	0.9508	     0
0.0952	     9	0.9516	     0
0.0952	     8	0.9524	     0
0.0953	    15	0.9533	     0
0.0954	     6	0.9541	     0
0.0955	     9	0.9549	     0
0.0956	     7	0.9558	     0
0.0957	     2	0.9566	     0
0.0957	     5	0.9574	     0
0.0958	     9	0.9583	     0
0.0959	     6	0.9591	     0
0.0960	     2	0.9599	     0
0.0961	     2	0.9607	     0
0.0962	     3	0.9616	     0
0.0962	     4	0.9624	     0
0.0963	     6	0.9632	     0
0.0964	     2	0.9641	     0
0.0965	     6	0.9649	     0
0.0966	     5	0.9657	     0
0.0967	     4	0.9666	     0
0.0967	     3	0.9674	     0
0.0968	     3	0.9682	     0
0.0969	     5	0.9690	     0
0.0970	     1	0.9699	     0
0.0971	     4	0.9707	     0
0.0972	     3	0.9715	     0
0.0972	     4	0.9724	     0
0.0973	     7	0.9732	     0
0.0974	     5	0.9740	     0
0.0975	     3	0.9749	     0
0.0976	     1	0.9757	     0
0.0977	     3	0.9765	     0
0.0977	     1	0.9773	     0
0.0978	     3	0.9782	     0
0.0979	     4	0.9790	     0
0.0980	     3	0.9798	     0
0.0981	     2	0.9807	     0
0.0981	     2	0.9815	     0
0.0982	     5	0.9823	     0
0.0983	     1	0.9832	     0
0.0984	     1	0.9840	     0
0.0985	     1	0.9848	     0
0.0986	     1	0.9856	     0
0.0986	     4	0.9865	     0
0.0987	     3	0.9873	     0
0.0988	     2	0.9881	     0
0.0989	     4	0.9890	     0
0.0990	     6	0.9898	     0
0.0991	     7	0.9906	     0
0.0991	     1	0.9915	     0
0.0992	     6	0.9923	     0
0.0993	     7	0.9931	     0
0.0994	     3	0.9939	     0
0.0995	     2	0.9948	     0
0.0996	     7	0.9956	     0
0.0996	     5	0.9964	     0
0.0997	     4	0.9973	     0
0.0998	     4	0.9981	     0
0.0999	     4	0.9989	     0
0.1000	     6	0.9998	     0
0.1001	     4	1.0006	     0
0.1001	     5	1.0014	     0
0.1002	     2	1.0022	     0
0.1003	     0	1.0031	     0
0.1004	     3	1.0039	     0
0.1005	     6	1.0047	     0
0.1006	     5	1.0056	     0
0.1006	     3	1.0064	     0
0.1007	     5	1.0072	     0
0.1008	     6	1.0081	     0
0.1009	     1	1.0089	     0
0.1010	     4	1.0097	     0
0.1011	     1	1.0105	     0
0.1011	     2	1.0114	     0
0.1012	     3	1.0122	     0
0.1013	     6	1.0130	     0
0.1014	     3	1.0139	     0
0.1015	     8	1.0147	     0
0.1016	     4	1.0155	     0
0.1016	     2	1.0164	     0
0.1017	     7	1.0172	     0
0.1018	     6	1.0180	     0
0.1019	     5	1.0188	     0
0.1020	     2	1.0197	     0
0.1021	     3	1.0205	     0
0.1021	     2	1.0213	     0
0.1022	     4	1.0222	     0
0.1023	     4	1.0230	     0
0.1024	     1	1.0238	     0
0.1025	     2	1.0247	     0
0.1025	     7	1.0255	     0
0.1026	     4	1.0263	     0
0.1027	     4	1.0271	     0
0.1028	     2	1.0280	     0
0.1029	     1	1.0288	     0
0.1030	     3	1.0296	     0
0.1030	     0	1.0305	     0
0.1031	     5	1.0313	     0
0.1032	     2	1.0321	     0
0.1033	     4	1.0330	     0
0.1034	     4	1.0338	     0
0.1035	     5	1.0346	     0
0.1035	     1	1.0354	     0
0.1036	     1	1.0363	     0
0.1037	     2	1.0371	     0
0.1038	     3	1.0379	     0
0.1039	     5	1.0388	     0
0.1040	     3	1.0396	     0
0.1040	     1	1.0404	     0
0.1041	     5	1.0413	     0
0.1042	     4	1.0421	     0
0.1043	     4	1.0429	     0
0.1044	     4	1.0438	     0
0.1045	     5	1.0446	     0
0.1045	     2	1.0454	     0
0.1046	     4	1.0462	     0
0.1047	     1	1.0471	     0
0.1048	     2	1.0479	     0
0.1049	     4	1.0487	     0
0.1050	     4	1.0496	     0
0.1050	     2	1.0504	     0
0.1051	     4	1.0512	     0
0.1052	     4	1.0521	     0
0.1053	     4	1.0529	     0
0.1054	     4	1.0537	     0
0.1055	     3	1.0545	     0
0.1055	     1	1.0554	     0
0.1056	     3	1.0562	     0
0.1057	     4	1.0570	     0
0.1058	     3	1.0579	     0
0.1059	     8	1.0587	     0
0.1060	     3	1.0595	     0
0.1060	     9	1.0604	     0
0.1061	     3	1.0612	     0
0.1062	     5	1.0620	     0
0.1063	     1	1.0628	     0
0.1064	     2	1.0637	     0
0.1065	     3	1.0645	     0
0.1065	     4	1.0653	     0
0.1066	     2	1.0662	     0
0.1067	     3	1.0670	     0
0.1068	     0	1.0678	     0
0.1069	     5	1.0687	     0
0.1069	     5	1.0695	     0
0.1070	     4	1.0703	     0
0.1071	     0	1.0711	     0
0.1072	     5	1.0720	     0
0.1073	     4	1.0728	     0
0.1074	     8	1.0736	     0
0.1074	     5	1.0745	     0
0.1075	     3	1.0753	     0
0.1076	     1	1.0761	     0
0.1077	     4	1.0770	     0
0.1078	     2	1.0778	     0
0.1079	     4	1.0786	     0
0.1079	     2	1.0794	     0
0.1080	     2	1.0803	     0
0.1081	     3	1.0811	     0
0.1082	     3	1.0819	     0
0.1083	     3	1.0828	     0
0.1084	     1	1.0836	     0
0.1084	     6	1.0844	     0
0.1085	     4	1.0853	     0
0.1086	     3	1.0861	     0
0.1087	     6	1.0869	     0
0.1088	     5	1.0877	     0
0.1089	     4	1.0886	     0
0.1089	     2	1.0894	     0
0.1090	     4	1.0902	     0
0.1091	     5	1.0911	     0
0.1092	     5	1.0919	     0
0.1093	     2	1.0927	     0
0.1094	     5	1.0936	     0
0.1094	     1	1.0944	     0
0.1095	     4	1.0952	     0
0.1096	     3	1.0960	     0
0.1097	     3	1.0969	     0
0.1098	     2	1.0977	     0
0.1099	     1	1.0985	     0
0.1099	     2	1.0994	     0
0.1100	     3	1.1002	     0
0.1101	     1	1.1010	     0
0.1102	    11	1.1019	     0
0.1103	     4	1.1027	     0
0.1104	     4	1.1035	     0
0.1104	     2	1.1043	     0
0.1105	     4	1.1052	     0
0.1106	     2	1.1060	     0
0.1107	     3	1.1068	     0
0.1108	     4	1.1077	     0
0.1108	     7	1.1085	     0
0.1109	     3	1.1093	     0
0.1110	     3	1.1102	     0
0.1111	     5	1.1110	     0
0.1112	     3	1.1118	     0
0.1113	     4	1.1126	     0
0.1113	     6	1.1135	     0
0.1114	     4	1.1143	     0
0.1115	     3	1.1151	     0
0.1116	     3	1.1160	     0
0.1117	     2	1.1168	     0
0.1118	     2	1.1176	     0
0.1118	     0	1.1185	     0
0.1119	     4	1.1193	     0
0.1120	     4	1.1201	     0
0.1121	     0	1.1209	     0
0.1122	     1	1.1218	     0
0.1123	     6	1.1226	     0
0.1123	     2	1.1234	     0
0.1124	     1	1.1243	     0
0.1125	     5	1.1251	     0
0.1126	     6	1.1259	     0
0.1127	     7	1.1268	     0
0.1128	     1	1.1276	     0
0.1128	     2	1.1284	     0
0.1129	     2	1.1292	     0
0.1130	     1	1.1301	     0
0.1131	     3	1.1309	     0
0.1132	     4	1.1317	     0
0.1133	     6	1.1326	     0
0.1133	     1	1.1334	     0
0.1134	     2	1.1342	     0
0.1135	     2	1.1351	     0
0.1136	     5	1.1359	     0
0.1137	     3	1.1367	     0
0.1138	     3	1.1375	     0
0.1138	     3	1.1384	     0
0.1139	     3	1.1392	     0
0.1140	     2	1.1400	     0
0.1141	     4	1.1409	     0
0.1142	     7	1.1417	     0
0.1143	     2	1.1425	     0
0.1143	     0	1.1434	     0
0.1144	     3	1.1442	     0
0.1145	     5	1.1450	     0
0.1146	     1	1.1458	     0
0.1147	     1	1.1467	     0
0.1148	     4	1.1475	     0
0.1148	     3	1.1483	     0
0.1149	     2	1.1492	     0
0.1150	     3	1.1500	     0
0.1151	     5	1.1508	     0
0.1152	     3	1.1517	     0
0.1152	     3	1.1525	     0
0.1153	     3	1.1533	     0
0.1154	     6	1.1542	     0
0.1155	     6	1.1550	     0
0.1156	     3	1.1558	     0
0.1157	     3	1.1566	     0
0.1157	     3	1.1575	     0
0.1158	     3	1.1583	     0
0.1159	     1	1.1591	     0
0.1160	     3	1.1600	     0
0.1161	     2	1.1608	     0
0.1162	     3	1.1616	     0
0.1162	     7	1.1625	     0
0.1163	     2	1.1633	     0
0.1164	     1	1.1641	     0
0.1165	     3	1.1649	     0
0.1166	     3	1.1658	     0
0.1167	     2	1.1666	     0
0.1167	     3	1.1674	     0
0.1168	     5	1.1683	     0
0.1169	     2	1.1691	     0
0.1170	     3	1.1699	     0
0.1171	     5	1.1708	     0
0.1172	     4	1.1716	     0
0.1172	     2	1.1724	     0
0.1173	     1	1.1732	     0
0.1174	     2	1.1741	     0
0.1175	     4	1.1749	     0
0.1176	     3	1.1757	     0
0.1177	     4	1.1766	     0
0.1177	     1	1.1774	     0
0.1178	     5	1.1782	     0
0.1179	     1	1.1791	     0
0.1180	     2	1.1799	     0
0.1181	     1	1.1807	     0
0.1182	     3	1.1815	     0
0.1182	     0	1.1824	     0
0.1183	     0	1.1832	     0
0.1184	     3	1.1840	     0
0.1185	     4	1.1849	     0
0.1186	     1	1.1857	     0
0.1187	     1	1.1865	     0
0.1187	     3	1.1874	     0
0.1188	     6	1.1882	     0
0.1189	     4	1.1890	     0
0.1190	     4	1.1898	     0
0.1191	     3	1.1907	     0
0.1192	     3	1.1915	     0
0.1192	     4	1.1923	     0
0.1193	     1	1.1932	     0
0.1194	     3	1.1940	     0
0.1195	     3	1.1948	     0
0.1196	     0	1.1957	     0
0.1196	     5	1.1965	     0
0.1197	     4	1.1973	     0
0.1198	     2	1.1981	     0
0.1199	     2	1.1990	     0
0.1200	     2	1.1998	     0
0.1201	     1	1.2006	     0
0.1201	     2	1.2015	     0
0.1202	     4	1.2023	     0
0.1203	     1	1.2031	     0
0.1204	     7	1.2040	     0
0.1205	     1	1.2048	     0
0.1206	     0	1.2056	     0
0.1206	     3	1.2064	     0
0.1207	     5	1.2073	     0
0.1208	     6	1.2081	     0
0.1209	     4	1.2089	     0
0.1210	     1	1.2098	     0
0.1211	     2	1.2106	     0
0.1211	     5	1.2114	     0
0.1212	     3	1.2123	     0
0.1213	     2	1.2131	     0
0.1214	     5	1.2139	     0
0.1215	     4	1.2147	     0
0.1216	     4	1.2156	     0
0.1216	     5	1.2164	     0
0.1217	     3	1.2172	     0
0.1218	     1	1.2181	     0
0.1219	     2	1.2189	     0
0.1220	     1	1.2197	     0
0.1221	     2	1.2206	     0
0.1221	     5	1.2214	     0
0.1222	     4	1.2222	     0
0.1223	     5	1.2230	     0
0.1224	     1	1.2239	     0
0.1225	     0	1.2247	     0
0.1226	     3	1.2255	     0
0.1226	     0	1.2264	     0
0.1227	     3	1.2272	     0
0.1228	     4	1.2280	     0
0.1229	     2	1.2289	     0
0.1230	     2	1.2297	     0
0.1231	     4	1.2305	     0
0.1231	     7	1.2313	     0
0.1232	     6	1.2322	     0
0.1233	     5	1.2330	     0
0.1234	     4	1.2338	     0
0.1235	     2	1.2347	     0
0.1235	     1	1.2355	     0
0.1236	     3	1.2363	     0
0.1237	     5	1.2372	     0
0.1238	     3	1.2380	     0
0.1239	     6	1.2388	     0
0.1240	     4	1.2396	     0
0.1240	     3	1.2405	     0
0.1241	     3	1.2413	     0
0.1242	     2	1.2421	     0
0.1243	     2	1.2430	     0
0.1244	     2	1.2438	     0
0.1245	     0	1.2446	     0
0.1245	     3	1.2455	     0
0.1246	     1	1.2463	     0
0.1247	     6	1.2471	     0
0.1248	     1	1.2479	     0
0.1249	     5	1.2488	     0
0.1250	     4	1.2496	     0
0.1250	     2	1.2504	     0
0.1251	     4	1.2513	     0
0.1252	     4	1.2521	     0
0.1253	     4	1.2529	     0
0.1254	     6	1.2538	     0
0.1255	     2	1.2546	     0
0.1255	     7	1.2554	     0
0.1256	     1	1.2562	     0
0.1257	     2	1.2571	     0
0.1258	     4	1.2579	     0
0.1259	     2	1.2587	     0
0.1260	     2	1.2596	     0
0.1260	     5	1.2604	     0
0.1261	     4	1.2612	     0
0.1262	     1	1.2621	     0
0.1263	     3	1.2629	     0
0.1264	     3	1.2637	     0
0.1265	     4	1.2646	     0
0.1265	     1	1.2654	     0
0.1266	     0	1.2662	     0
0.1267	     2	1.2670	     0
0.1268	     3	1.2679	     0
0.1269	     1	1.2687	     0
0.1270	     2	1.2695	     0
0.1270	     2	1.2704	     0
0.1271	     6	1.2712	     0
0.1272	     0	1.2720	     0
0.1273	     3	1.2729	     0
0.1274	     4	1.2737	     0
0.1275	     2	1.2745	     0
0.1275	     1	1.2753	     0
0.1276	     3	1.2762	     0
0.1277	     2	1.2770	     0
0.1278	     3	1.2778	     0
0.1279	     1	1.2787	     0
0.1279	     5	1.2795	     0
0.1280	     1	1.2803	     0
0.1281	     4	1.2812	     0
0.1282	     1	1.2820	     0
0.1283	     2	1.2828	     0
0.1284	     2	1.2836	     0
0.1284	     5	1.2845	     0
0.1285	     2	1.2853	     0
0.1286	     3	1.2861	     0
0.1287	     6	1.2870	     0
0.1288	     1	1.2878	     0
0.1289	     2	1.2886	     0
0.1289	     2	1.2895	     0
0.1290	     2	1.2903	     0
0.1291	     2	1.2911	     0
0.1292	     3	1.2919	     0
0.1293	     3	1.2928	     0
0.1294	     6	1.2936	     0
0.1294	     1	1.2944	     0
0.1295	     2	1.2953	     0
0.1296	     2	1.2961	     0
0.1297	     1	1.2969	     0
0.1298	     1	1.2978	     0
0.1299	     0	1.2986	     0
0.1299	     2	1.2994	     0
0.1300	     1	1.3002	     0
0.1301	     3	1.3011	     0
0.1302	     2	1.3019	     0
0.1303	     0	1.3027	     0
0.1304	     0	1.3036	     0
0.1304	     4	1.3044	     0
0.1305	     2	1.3052	     0
0.1306	     1	1.3061	     0
0.1307	     2	1.3069	     0
0.1308	     1	1.3077	     0
0.1309	     1	1.3085	     0
0.1309	     2	1.3094	     0
0.1310	     4	1.3102	     0
0.1311	     4	1.3110	     0
0.1312	     2	1.3119	     0
0.1313	     3	1.3127	     0
0.1314	     3	1.3135	     0
0.1314	     3	1.3144	     0
0.1315	     1	1.3152	     0
0.1316	     2	1.3160	     0
0.1317	     3	1.3168	     0
0.1318	     1	1.3177	     0
0.1319	     0	1.3185	     0
0.1319	     6	1.3193	     0
0.1320	     1	1.3202	     0
0.1321	     2	1.3210	     0
0.1322	     1	1.3218	     0
0.1323	     1	1.3227	     0
0.1323	     0	1.3235	     0
0.1324	     3	1.3243	     0
0.1325	     1	1.3251	     0
0.1326	     1	1.3260	     0
0.1327	     2	1.3268	     0
0.1328	     3	1.3276	     0
0.1328	     2	1.3285	     0
0.1329	     2	1.3293	     0
0.1330	     2	1.3301	     0
0.1331	     2	1.3310	     0
0.1332	     0	1.3318	     0
0.1333	     1	1.3326	     0
0.1333	     1	1.3334	     0
0.1334	     4	1.3343	     0
0.1335	     2	1.3351	     0
0.1336	     2	1.3359	     0
0.1337	     0	1.3368	     0
0.1338	     1	1.3376	     0
0.1338	     4	1.3384	     0
0.1339	     3	1.3393	     0
0.1340	     2	1.3401	     0
0.1341	     0	1.3409	     0
0.1342	     3	1.3417	     0
0.1343	     1	1.3426	     0
0.1343	     0	1.3434	     0
0.1344	     2	1.3442	     0
0.1345	     0	1.3451	     0
0.1346	     2	1.3459	     0
0.1347	     3	1.3467	     0
0.1348	     1	1.3476	     0
0.1348	     1	1.3484	     0
0.1349	     2	1.3492	     0
0.1350	     1	1.3500	     0
0.1351	     1	1.3509	     0
0.1352	     3	1.3517	     0
0.1353	     1	1.3525	     0
0.1353	     0	1.3534	     0
0.1354	     1	1.3542	     0
0.1355	     1	1.3550	     0
0.1356	     1	1.3559	     0
0.1357	     4	1.3567	     0
0.1358	     1	1.3575	     0
0.1358	     4	1.3583	     0
0.1359	     1	1.3592	     0
0.1360	     1	1.3600	     0
0.1361	     2	1.3608	     0
0.1362	     1	1.3617	     0
0.1363	     4	1.3625	     0
0.1363	     3	1.3633	     0
0.1364	     5	1.3642	     0
0.1365	     5	1.3650	     0
0.1366	     5	1.3658	     0
0.1367	     2	1.3667	     0
0.1367	     1	1.3675	     0
0.1368	     5	1.3683	     0
0.1369	     2	1.3691	     0
0.1370	     2	1.3700	     0
0.1371	     3	1.3708	     0
0.1372	     2	1.3716	     0
0.1372	     1	1.3725	     0
0.1373	     2	1.3733	     0
0.1374	     2	1.3741	     0
0.1375	     2	1.3750	     0
0.1376	     4	1.3758	     0
0.1377	     4	1.3766	     0
0.1377	     4	1.3774	     0
0.1378	     4	1.3783	     0
0.1379	     1	1.3791	     0
0.1380	     3	1.3799	     0
0.1381	     3	1.3808	     0
0.1382	     3	1.3816	     0
0.1382	     1	1.3824	     0
0.1383	     0	1.3833	     0
0.1384	     5	1.3841	     0
0.1385	     2	1.3849	     0
0.1386	     3	1.3857	     0
0.1387	     1	1.3866	     0
0.1387	     8	1.3874	     0
0.1388	     6	1.3882	     0
0.1389	     2	1.3891	     0
0.1390	     3	1.3899	     0
0.1391	     1	1.3907	     0
0.1392	     3	1.3916	     0
0.1392	     3	1.3924	     0
0.1393	     0	1.3932	     0
0.1394	     1	1.3940	     0
0.1395	     1	1.3949	     0
0.1396	     3	1.3957	     0
0.1397	     3	1.3965	     0
0.1397	     3	1.3974	     0
0.1398	     1	1.3982	     0
0.1399	     5	1.3990	     0
0.1400	     3	1.3999	     0
0.1401	     0	1.4007	     0
0.1402	     4	1.4015	     0
0.1402	     1	1.4023	     0
0.1403	     0	1.4032	     0
0.1404	     4	1.4040	     0
0.1405	     2	1.4048	     0
0.1406	     1	1.4057	     0
0.1406	     5	1.4065	     0
0.1407	     3	1.4073	     0
0.1408	     1	1.4082	     0
0.1409	     1	1.4090	     0
0.1410	     2	1.4098	     0
0.1411	     3	1.4106	     0
0.1411	     4	1.4115	     0
0.1412	     3	1.4123	     0
0.1413	     2	1.4131	     0
0.1414	     5	1.4140	     0
0.1415	     0	1.4148	     0
0.1416	     1	1.4156	     0
0.1416	     5	1.4165	     0
0.1417	     3	1.4173	     0
0.1418	     0	1.4181	     0
0.1419	     3	1.4189	     0
0.1420	     2	1.4198	     0
0.1421	     2	1.4206	     0
0.1421	     3	1.4214	     0
0.1422	     1	1.4223	     0
0.1423	     2	1.4231	     0
0.1424	     2	1.4239	     0
0.1425	     0	1.4248	     0
0.1426	     3	1.4256	     0
0.1426	     2	1.4264	     0
0.1427	     2	1.4272	     0
0.1428	     2	1.4281	     0
0.1429	     5	1.4289	     0
0.1430	     1	1.4297	     0
0.1431	     1	1.4306	     0
0.1431	     4	1.4314	     0
0.1432	     3	1.4322	     0
0.1433	     2	1.4331	     0
0.1434	     3	1.4339	     0
0.1435	     2	1.4347	     0
0.1436	     2	1.4355	     0
0.1436	     4	1.4364	     0
0.1437	     1	1.4372	     0
0.1438	     3	1.4380	     0
0.1439	     4	1.4389	     0
0.1440	     0	1.4397	     0
0.1441	     4	1.4405	     0
0.1441	     2	1.4414	     0
0.1442	     1	1.4422	     0
0.1443	     5	1.4430	     0
0.1444	     4	1.4438	     0
0.1445	     3	1.4447	     0
0.1446	     0	1.4455	     0
0.1446	     3	1.4463	     0
0.1447	     2	1.4472	     0
0.1448	     5	1.4480	     0
0.1449	     0	1.4488	     0
0.1450	     2	1.4497	     0
0.1450	     2	1.4505	     0
0.1451	     2	1.4513	     0
0.1452	     3	1.4521	     0
0.1453	     3	1.4530	     0
0.1454	     1	1.4538	     0
0.1455	     2	1.4546	     0
0.1455	     1	1.4555	     0
0.1456	     2	1.4563	     0
0.1457	     2	1.4571	     0
0.1458	     3	1.4580	     0
0.1459	     0	1.4588	     0
0.1460	     0	1.4596	     0
0.1460	     1	1.4604	     0
0.1461	     3	1.4613	     0
0.1462	     4	1.4621	     0
0.1463	     2	1.4629	     0
0.1464	     1	1.4638	     0
0.1465	     0	1.4646	     0
0.1465	     5	1.4654	     0
0.1466	     4	1.4663	     0
0.1467	     2	1.4671	     0
0.1468	     0	1.4679	     0
0.1469	     2	1.4688	     0
0.1470	     3	1.4696	     0
0.1470	     2	1.4704	     0
0.1471	     7	1.4712	     0
0.1472	     1	1.4721	     0
0.1473	     3	1.4729	     0
0.1474	     0	1.4737	     0
0.1475	     1	1.4746	     0
0.1475	     0	1.4754	     0
0.1476	     3	1.4762	     0
0.1477	     4	1.4771	     0
0.1478	     5	1.4779	     0
0.1479	     1	1.4787	     0
0.1480	     3	1.4795	     0
0.1480	     0	1.4804	     0
0.1481	     1	1.4812	     0
0.1482	     0	1.4820	     0
0.1483	     6	1.4829	     0
0.1484	     1	1.4837	     0
0.1485	     1	1.4845	     0
0.1485	     3	1.4854	     0
0.1486	     0	1.4862	     0
0.1487	     5	1.4870	     0
0.1488	     0	1.4878	     0
0.1489	     0	1.4887	     0
0.1490	     3	1.4895	     0
0.1490	     3	1.4903	     0
0.1491	     0	1.4912	     0
0.1492	     3	1.4920	     0
0.1493	     5	1.4928	     0
0.1494	     0	1.4937	     0
0.1494	     3	1.4945	     0
0.1495	     1	1.4953	     0
0.1496	     3	1.4961	     0
0.1497	     1	1.4970	     0
0.1498	     0	1.4978	     0
0.1499	     3	1.4986	     0
0.1499	     2	1.4995	     0
0.1500	     2	1.5003	     0
0.1501	     1	1.5011	     0
0.1502	     0	1.5020	     0
0.1503	     0	1.5028	     0
0.1504	     0	1.5036	     0
0.1504	     0	1.5044	     0
0.1505	     3	1.5053	     0
0.1506	     1	1.5061	     0
0.1507	     1	1.5069	     0
0.1508	     3	1.5078	     0
0.1509	     3	1.5086	     0
0.1509	     1	1.5094	     0
0.1510	     0	1.5103	     0
0.1511	     2	1.5111	     0
0.1512	     2	1.5119	     0
0.1513	     1	1.5127	     0
0.1514	     4	1.5136	     0
0.1514	     4	1.5144	     0
0.1515	     1	1.5152	     0
0.1516	     3	1.5161	     0
0.1517	     2	1.5169	     0
0.1518	     0	1.5177	     0
0.1519	     0	1.5186	     0
0.1519	     1	1.5194	     0
0.1520	     0	1.5202	     0
0.1521	     2	1.5210	     0
0.1522	     1	1.5219	     0
0.1523	     5	1.5227	     0
0.1524	     0	1.5235	     0
0.1524	     1	1.5244	     0
0.1525	     4	1.5252	     0
0.1526	     2	1.5260	     0
0.1527	     1	1.5269	     0
0.1528	     2	1.5277	     0
0.1529	     4	1.5285	     0
0.1529	     5	1.5293	     0
0.1530	     1	1.5302	     0
0.1531	     0	1.5310	     0
0.1532	     4	1.5318	     0
0.1533	     0	1.5327	     0
0.1533	     1	1.5335	     0
0.1534	     4	1.5343	     0
0.1535	     3	1.5352	     0
0.1536	     2	1.5360	     0
0.1537	     3	1.5368	     0
0.1538	     0	1.5376	     0
0.1538	     1	1.5385	     0
0.1539	     1	1.5393	     0
0.1540	     6	1.5401	     0
0.1541	     2	1.5410	     0
0.1542	     1	1.5418	     0
0.1543	     4	1.5426	     0
0.1543	     0	1.5435	     0
0.1544	     0	1.5443	     0
0.1545	     4	1.5451	     0
0.1546	     3	1.5459	     0
0.1547	     2	1.5468	     0
0.1548	     1	1.5476	     0
0.1548	     3	1.5484	     0
0.1549	     1	1.5493	     0
0.1550	     2	1.5501	     0
0.1551	     4	1.5509	     0
0.1552	     0	1.5518	     0
0.1553	     1	1.5526	     0
0.1553	     1	1.5534	     0
0.1554	     2	1.5542	     0
0.1555	     0	1.5551	     0
0.1556	     4	1.5559	     0
0.1557	     0	1.5567	     0
0.1558	     4	1.5576	     0
0.1558	     5	1.5584	     0
0.1559	     1	1.5592	     0
0.1560	     2	1.5601	     0
0.1561	     2	1.5609	     0
0.1562	     4	1.5617	     0
0.1563	     1	1.5625	     0
0.1563	     3	1.5634	     0
0.1564	     1	1.5642	     0
0.1565	     1	1.5650	     0
0.1566	     3	1.5659	     0
0.1567	     1	1.5667	     0
0.1568	     3	1.5675	     0
0.1568	     5	1.5684	     0
0.1569	     1	1.5692	     0
0.1570	     1	1.5700	     0
0.1571	     2	1.5708	     0
0.1572	     3	1.5717	     0
0.1573	     0	1.5725	     0
0.1573	     1	1.5733	     0
0.1574	     0	1.5742	     0
0.1575	     2	1.5750	     0
0.1576	     1	1.5758	     0
0.1577	     1	1.5767	     0
0.1577	     0	1.5775	     0
0.1578	     1	1.5783	     0
0.1579	     0	1.5792	     0
0.1580	     1	1.5800	     0
0.1581	     2	1.5808	     0
0.1582	     0	1.5816	     0
0.1582	     0	1.5825	     0
0.1583	     1	1.5833	     0
0.1584	     1	1.5841	     0
0.1585	     1	1.5850	     0
0.1586	     3	1.5858	     0
0.1587	     0	1.5866	     0
0.1587	     2	1.5875	     0
0.1588	     1	1.5883	     0
0.1589	     0	1.5891	     0
0.1590	     1	1.5899	     0
0.1591	     2	1.5908	     0
0.1592	     0	1.5916	     0
0.1592	     2	1.5924	     0
0.1593	     2	1.5933	     0
0.1594	     1	1.5941	     0
0.1595	     0	1.5949	     0
0.1596	     2	1.5958	     0
0.1597	     1	1.5966	     0
0.1597	     2	1.5974	     0
0.1598	     2	1.5982	     0
0.1599	     1	1.5991	     0
0.1600	     2	1.5999	     0
0.1601	     2	1.6007	     0
0.1602	     1	1.6016	     0
0.1602	     1	1.6024	     0
0.1603	     2	1.6032	     0
0.1604	     1	1.6041	     0
0.1605	     1	1.6049	     0
0.1606	     1	1.6057	     0
0.1607	     1	1.6065	     0
0.1607	     0	1.6074	     0
0.1608	     1	1.6082	     0
0.1609	     1	1.6090	     0
0.1610	     2	1.6099	     0
0.1611	     1	1.6107	     0
0.1612	     2	1.6115	     0
0.1612	     5	1.6124	     0
0.1613	     0	1.6132	     0
0.1614	     3	1.6140	     0
0.1615	     2	1.6148	     0
0.1616	     3	1.6157	     0
0.1617	     0	1.6165	     0
0.1617	     3	1.6173	     0
0.1618	     3	1.6182	     0
0.1619	     1	1.6190	     0
0.1620	     1	1.6198	     0
0.1621	     2	1.6207	     0
0.1621	     0	1.6215	     0
0.1622	     1	1.6223	     0
0.1623	     4	1.6231	     0
0.1624	     4	1.6240	     0
0.1625	     1	1.6248	     0
0.1626	     3	1.6256	     0
0.1626	     0	1.6265	     0
0.1627	     2	1.6273	     0
0.1628	     1	1.6281	     0
0.1629	     3	1.6290	     0
0.1630	     3	1.6298	     0
0.1631	     1	1.6306	     0
0.1631	     1	1.6314	     0
0.1632	     1	1.6323	     0
0.1633	     2	1.6331	     0
0.1634	     1	1.6339	     0
0.1635	     1	1.6348	     0
0.1636	     0	1.6356	     0
0.1636	     3	1.6364	     0
0.1637	     1	1.6373	     0
0.1638	     1	1.6381	     0
0.1639	     0	1.6389	     0
0.1640	     0	1.6397	     0
0.1641	     2	1.6406	     0
0.1641	     1	1.6414	     0
0.1642	     0	1.6422	     0
0.1643	     0	1.6431	     0
0.1644	     1	1.6439	     0
0.1645	     0	1.6447	     0
0.1646	     0	1.6456	     0
0.1646	     1	1.6464	     0
0.1647	     2	1.6472	     0
0.1648	     1	1.6480	     0
0.1649	     0	1.6489	     0
0.1650	     0	1.6497	     0
0.1651	     1	1.6505	     0
0.1651	     0	1.6514	     0
0.1652	     0	1.6522	     0
0.1653	     0	1.6530	     0
0.1654	     0	1.6539	     0
0.1655	     0	1.6547	     0
0.1656	     0	1.6555	     0
0.1656	     0	1.6563	     0
0.1657	     2	1.6572	     0
0.1658	     1	1.6580	     0
0.1659	     0	1.6588	     0
0.1660	     3	1.6597	     0
0.1660	     0	1.6605	     0
0.1661	     1	1.6613	     0
0.1662	     1	1.6622	     0
0.1663	     1	1.6630	     0
0.1664	     0	1.6638	     0
0.1665	     2	1.6646	     0
0.1665	     1	1.6655	     0
0.1666	     1	1.6663	     0
0.1667	     1	1.6671	     0
0.1668	     3	1.6680	     0
0.1669	     2	1.6688	     0
0.1670	     2	1.6696	     0
0.1670	     1	1.6705	     0
0.1671	     0	1.6713	     0
0.1672	     2	1.6721	     0
0.1673	     0	1.6729	     0
0.1674	     2	1.6738	     0
0.1675	     0	1.6746	     0
0.1675	     3	1.6754	     0
0.1676	     3	1.6763	     0
0.1677	     1	1.6771	     0
0.1678	     1	1.6779	     0
0.1679	     1	1.6788	     0
0.1680	     1	1.6796	     0
0.1680	     1	1.6804	     0
0.1681	     1	1.6812	     0
0.1682	     1	1.6821	     0
0.1683	     2	1.6829	     0
0.1684	     1	1.6837	     0
0.1685	     2	1.6846	     0
0.1685	     1	1.6854	     0
0.1686	     1	1.6862	     0
0.1687	     0	1.6871	     0
0.1688	     0	1.6879	     0
0.1689	     1	1.6887	     0
0.1690	     1	1.6896	     0
0.1690	     1	1.6904	     0
0.1691	     3	1.6912	     0
0.1692	     2	1.6920	     0
0.1693	     0	1.6929	     0
0.1694	     0	1.6937	     0
0.1695	     1	1.6945	     0
0.1695	     2	1.6954	     0
0.1696	     0	1.6962	     0
0.1697	     1	1.6970	     0
0.1698	     1	1.6979	     0
0.1699	     0	1.6987	     0
0.1700	     4	1.6995	     0
0.1700	     0	1.7003	     0
0.1701	     1	1.7012	     0
0.1702	     2	1.7020	     0
0.1703	     3	1.7028	     0
0.1704	     3	1.7037	     0
0.1704	     2	1.7045	     0
0.1705	     0	1.7053	     0
0.1706	     0	1.7062	     0
0.1707	     0	1.7070	     0
0.1708	     2	1.7078	     0
0.1709	     1	1.7086	     0
0.1709	     0	1.7095	     0
0.1710	     3	1.7103	     0
0.1711	     2	1.7111	     0
0.1712	     0	1.7120	     0
0.1713	     1	1.7128	     0
0.1714	     2	1.7136	     0
0.1714	     2	1.7145	     0
0.1715	     1	1.7153	     0
0.1716	     3	1.7161	     0
0.1717	     0	1.7169	     0
0.1718	     0	1.7178	     0
0.1719	     0	1.7186	     0
0.1719	     2	1.7194	     0
0.1720	     1	1.7203	     0
0.1721	     3	1.7211	     0
0.1722	     3	1.7219	     0
0.1723	     1	1.7228	     0
0.1724	     3	1.7236	     0
0.1724	     1	1.7244	     0
0.1725	     2	1.7252	     0
0.1726	     2	1.7261	     0
0.1727	     2	1.7269	     0
0.1728	     0	1.7277	     0
0.1729	     0	1.7286	     0
0.1729	     6	1.7294	     0
0.1730	     4	1.7302	     0
0.1731	     2	1.7311	     0
0.1732	     1	1.7319	     0
0.1733	     2	1.7327	     0
0.1734	     1	1.7335	     0
0.1734	     1	1.7344	     0
0.1735	     2	1.7352	     0
0.1736	     1	1.7360	     0
0.1737	     0	1.7369	     0
0.1738	     2	1.7377	     0
0.1739	     0	1.7385	     0
0.1739	     1	1.7394	     0
0.1740	     2	1.7402	     0
0.1741	     0	1.7410	     0
0.1742	     1	1.7418	     0
0.1743	     1	1.7427	     0
0.1744	     2	1.7435	     0
0.1744	     3	1.7443	     0
0.1745	     3	1.7452	     0
0.1746	     2	1.7460	     0
0.1747	     1	1.7468	     0
0.1748	     4	1.7477	     0
0.1748	     0	1.7485	     0
0.1749	     1	1.7493	     0
0.1750	     2	1.7501	     0
0.1751	     0	1.7510	     0
0.1752	     1	1.7518	     0
0.1753	     2	1.7526	     0
0.1753	     0	1.7535	     0
0.1754	     2	1.7543	     0
0.1755	     1	1.7551	     0
0.1756	     2	1.7560	     0
0.1757	     0	1.7568	     0
0.1758	     1	1.7576	     0
0.1758	     3	1.7584	     0
0.1759	     3	1.7593	     0
0.1760	     0	1.7601	     0
0.1761	     0	1.7609	     0
0.1762	     1	1.7618	     0
0.1763	     3	1.7626	     0
0.1763	     1	1.7634	     0
0.1764	     2	1.7643	     0
0.1765	     0	1.7651	     0
0.1766	     3	1.7659	     0
0.1767	     3	1.7667	     0
0.1768	     1	1.7676	     0
0.1768	     1	1.7684	     0
0.1769	     2	1.7692	     0
0.1770	     3	1.7701	     0
0.1771	     2	1.7709	     0
0.1772	     2	1.7717	     0
0.1773	     1	1.7726	     0
0.1773	     3	1.7734	     0
0.1774	     0	1.7742	     0
0.1775	     1	1.7750	     0
0.1776	     2	1.7759	     0
0.1777	     2	1.7767	     0
0.1778	     3	1.7775	     0
0.1778	     2	1.7784	     0
0.1779	     1	1.7792	     0
0.1780	     1	1.7800	     0
0.1781	     2	1.7809	     0
0.1782	     1	1.7817	     0
0.1783	     5	1.7825	     0
0.1783	     6	1.7833	     0
0.1784	     3	1.7842	     0
0.1785	     4	1.7850	     0
0.1786	     2	1.7858	     0
0.1787	     3	1.7867	     0
0.1788	     0	1.7875	     0
0.1788	     5	1.7883	     0
0.1789	     1	1.7892	     0
0.1790	     3	1.7900	     0
0.1791	     3	1.7908	     0
0.1792	     4	1.7917	     0
0.1792	     3	1.7925	     0
0.1793	     1	1.7933	     0
0.1794	     3	1.7941	     0
0.1795	     3	1.7950	     0
0.1796	     2	1.7958	     0
0.1797	     5	1.7966	     0
0.1797	     4	1.7975	     0
0.1798	     5	1.7983	     0
0.1799	     4	1.7991	     0
0.1800	     5	1.8000	     0
0.1801	     1	1.8008	     0
0.1802	     2	1.8016	     0
0.1802	     7	1.8024	     0
0.1803	     7	1.8033	     0
0.1804	     3	1.8041	     0
0.1805	     6	1.8049	     0
0.1806	     4	1.8058	     0
0.1807	     3	1.8066	     0
0.1807	     5	1.8074	     0
0.1808	     4	1.8083	     0
0.1809	    11	1.8091	     0
0.1810	     2	1.8099	     0
0.1811	     7	1.8107	     0
0.1812	    10	1.8116	     0
0.1812	     7	1.8124	     0
0.1813	     3	1.8132	     0
0.1814	     6	1.8141	     0
0.1815	     8	1.8149	     0
0.1816	     2	1.8157	     0
0.1817	     8	1.8166	     0
0.1817	     7	1.8174	     0
0.1818	     4	1.8182	     0
0.1819	     5	1.8190	     0
0.1820	     9	1.8199	     0
0.1821	    11	1.8207	     0
0.1822	     7	1.8215	     0
0.1822	    10	1.8224	     0
0.1823	     5	1.8232	     0
0.1824	     8	1.8240	     0
0.1825	     5	1.8249	     0
0.1826	     6	1.8257	     0
0.1827	     6	1.8265	     0
0.1827	     3	1.8273	     0
0.1828	     8	1.8282	     0
0.1829	     3	1.8290	     0
0.1830	     7	1.8298	     0
0.1831	     8	1.8307	     0
0.1831	     7	1.8315	     0
0.1832	     7	1.8323	     0
0.1833	     9	1.8332	     0
0.1834	     2	1.8340	     0
0.1835	    12	1.8348	     0
0.1836	    10	1.8356	     0
0.1836	    10	1.8365	     0
0.1837	     6	1.8373	     0
0.1838	     6	1.8381	     0
0.1839	     5	1.8390	     0
0.1840	    10	1.8398	     0
0.1841	     7	1.8406	     0
0.1841	     6	1.8415	     0
0.1842	     6	1.8423	     0
0.1843	     9	1.8431	     0
0.1844	     8	1.8439	     0
0.1845	     6	1.8448	     0
0.1846	     5	1.8456	     0
0.1846	     7	1.8464	     0
0.1847	     5	1.8473	     0
0.1848	     5	1.8481	     0
0.1849	     6	1.8489	     0
0.1850	     6	1.8498	     0
0.1851	     2	1.8506	     0
0.1851	     8	1.8514	     0
0.1852	     5	1.8522	     0
0.1853	     3	1.8531	     0
0.1854	     3	1.8539	     0
0.1855	     1	1.8547	     0
0.1856	     4	1.8556	     0
0.1856	     4	1.8564	     0
0.1857	     7	1.8572	     0
0.1858	     3	1.8581	     0
0.1859	     4	1.8589	     0
0.1860	     2	1.8597	     0
0.1861	     2	1.8605	     0
0.1861	     7	1.8614	     0
0.1862	     4	1.8622	     0
0.1863	     2	1.8630	     0
0.1864	     6	1.8639	     0
0.1865	     3	1.8647	     0
0.1866	     2	1.8655	     0
0.1866	     0	1.8664	     0
0.1867	     2	1.8672	     0
0.1868	     2	1.8680	     0
0.1869	     2	1.8688	     0
0.1870	     4	1.8697	     0
0.1871	     3	1.8705	     0
0.1871	     6	1.8713	     0
0.1872	     1	1.8722	     0
0.1873	     3	1.8730	     0
0.1874	     2	1.8738	     0
0.1875	     4	1.8747	     0
0.1875	     1	1.8755	     0
0.1876	     3	1.8763	     0
0.1877	     3	1.8771	     0
0.1878	     1	1.8780	     0
0.1879	     0	1.8788	     0
0.1880	     1	1.8796	     0
0.1880	     1	1.8805	     0
0.1881	     0	1.8813	     0
0.1882	     0	1.8821	     0
0.1883	     3	1.8830	     0
0.1884	     1	1.8838	     0
0.1885	     1	1.8846	     0
0.1885	     2	1.8854	     0
0.1886	     0	1.8863	     0
0.1887	     1	1.8871	     0
0.1888	     0	1.8879	     0
0.1889	     1	1.8888	     0
0.1890	     2	1.8896	     0
0.1890	     0	1.8904	     0
0.1891	     1	1.8913	     0
0.1892	     0	1.8921	     0
0.1893	     0	1.8929	     0
0.1894	     1	1.8938	     0
0.1895	     2	1.8946	     0
0.1895	     2	1.8954	     0
0.1896	     0	1.8962	     0
0.1897	     2	1.8971	     0
0.1898	     0	1.8979	     0
0.1899	     1	1.8987	     0
0.1900	     0	1.8996	     0
0.1900	     0	1.9004	     0
0.1901	     0	1.9012	     0
0.1902	     2	1.9021	     0
0.1903	     2	1.9029	     0
0.1904	     2	1.9037	     0
0.1905	     0	1.9045	     0
0.1905	     0	1.9054	     0
0.1906	     0	1.9062	     0
0.1907	     1	1.9070	     0
0.1908	     0	1.9079	     0
0.1909	     0	1.9087	     0
0.1910	     0	1.9095	     0
0.1910	     0	1.9104	     0
0.1911	     1	1.9112	     0
0.1912	     0	1.9120	     0
0.1913	     0	1.9128	     0
0.1914	     2	1.9137	     0
0.1915	     0	1.9145	     0
0.1915	     0	1.9153	     0
0.1916	     1	1.9162	     0
0.1917	     1	1.9170	     0
0.1918	     0	1.9178	     0
0.1919	     1	1.9187	     0
0.1919	     1	1.9195	     0
0.1920	     1	1.9203	     0
0.1921	     3	1.9211	     0
0.1922	     0	1.9220	     0
0.1923	     1	1.9228	     0
0.1924	     0	1.9236	     0
0.1924	     0	1.9245	     0
0.1925	     0	1.9253	     0
0.1926	     0	1.9261	     0
0.1927	     0	1.9270	     0
0.1928	     0	1.9278	     0
0.1929	     0	1.9286	     0
0.1929	     1	1.9294	     0
0.1930	     0	1.9303	     0
0.1931	     0	1.9311	     0
0.1932	     0	1.9319	     0
0.1933	     1	1.9328	     0
0.1934	     0	1.9336	     0
0.1934	     1	1.9344	     0
0.1935	     0	1.9353	     0
0.1936	     1	1.9361	     0
0.1937	     1	1.9369	     0
0.1938	     0	1.9377	     0
0.1939	     0	1.9386	     0
0.1939	     0	1.9394	     0
0.1940	     1	1.9402	     0
0.1941	     0	1.9411	     0
0.1942	     0	1.9419	     0
0.1943	     0	1.9427	     0
0.1944	     0	1.9436	     0
0.1944	     0	1.9444	     0
0.1945	     0	1.9452	     0
0.1946	     0	1.9460	     0
0.1947	     0	1.9469	     0
0.1948	     1	1.9477	     0
0.1949	     0	1.9485	     0
0.1949	     0	1.9494	     0
0.1950	     1	1.9502	     0
0.1951	     0	1.9510	     0
0.1952	     1	1.9519	     0
0.1953	     2	1.9527	     0
0.1954	     0	1.9535	     0
0.1954	     1	1.9543	     0
0.1955	     0	1.9552	     0
0.1956	     0	1.9560	     0
0.1957	     1	1.9568	     0
0.1958	     1	1.9577	     0
0.1958	     0	1.9585	     0
0.1959	     2	1.9593	     0
0.1960	     1	1.9602	     0
0.1961	     0	1.9610	     0
0.1962	     0	1.9618	     0
0.1963	     0	1.9626	     0
0.1963	     0	1.9635	     0
0.1964	     0	1.9643	     0
0.1965	     0	1.9651	     0
0.1966	     2	1.9660	     0
0.1967	     1	1.9668	     0
0.1968	     0	1.9676	     0
0.1968	     2	1.9685	     0
0.1969	     1	1.9693	     0
0.1970	     0	1.9701	     0
0.1971	     2	1.9709	     0
0.1972	     0	1.9718	     0
0.1973	     0	1.9726	     0
0.1973	     1	1.9734	     0
0.1974	     0	1.9743	     0
0.1975	     0	1.9751	     0
0.1976	     1	1.9759	     0
0.1977	     1	1.9768	     0
0.1978	     0	1.9776	     0
0.1978	     1	1.9784	     0
0.1979	     2	1.9792	     0
0.1980	     0	1.9801	     0
0.1981	     1	1.9809	     0
0.1982	     0	1.9817	     0
0.1983	     0	1.9826	     0
0.1983	     1	1.9834	     0
0.1984	     0	1.9842	     0
0.1985	     0	1.9851	     0
0.1986	     1	1.9859	     0
0.1987	     1	1.9867	     0
0.1988	     0	1.9875	     0
0.1988	     0	1.9884	     0
0.1989	     0	1.9892	     0
0.1990	     1	1.9900	     0
0.1991	     1	1.9909	     0
0.1992	     2	1.9917	     0
0.1993	     1	1.9925	     0
0.1993	     0	1.9934	     0
0.1994	     0	1.9942	     0
0.1995	     0	1.9950	     0
0.1996	     2	1.9958	     0
0.1997	     1	1.9967	     0
0.1998	     0	1.9975	     0
0.1998	     2	1.9983	     0
0.1999	     1	1.9992	     0
